100 173 188
6 36 85 247 318
8 323 351 515 143
6 319 495 206 145
2 999 542 602 411
2 354 34 253 741
5 760 984 931 313
2 747 721 77 311
1 29 978 889 679
4 409 768 174 915
10 107 445 820 565
2 704 423 199 319
5 590 834 16 254
8 381 851 900 308
9 291 886 59 314
6 567 964 206 448
7 604 137 131 160
7 81 787 274 307
5 523 993 686 338
1 970 526 831 119
6 760 269 635 523
3 23 483 207 59
7 937 256 182 800
5 631 411 243 844
3 83 360 320 739
3 512 673 202 987
4 855 157 35 235
7 268 353 913 434
4 84 820 68 477
10 719 598 928 957
2 983 229 809 272
3 447 445 969 423
5 827 867 681 319
8 716 800 261 12
8 906 595 545 86
2 547 555 214 950
5 45 92 170 464
6 779 825 467 983
4 875 946 97 657
4 632 536 239 833
4 362 498 69 415
10 32 539 311 478
4 914 731 848 822
7 412 62 248 587
5 625 475 68 327
10 285 533 457 750
3 688 508 52 838
8 372 75 165 834
7 719 395 194 636
6 52 706 305 990
4 207 136 378 732
5 314 810 308 782
10 109 996 503 601
5 834 354 294 760
10 648 210 822 902
1 374 844 638 668
3 399 770 105 912
5 285 323 180 124
6 262 699 886 267
6 594 639 373 889
7 865 379 847 655
7 114 836 884 918
5 645 714 25 876
5 50 306 120 728
9 200 642 316 502
4 977 301 88 987
7 237 880 631 859
10 561 731 155 726
3 52 644 788 339
1 75 904 132 770
5 949 849 576 308
5 430 215 287 129
6 479 598 640 248
9 526 382 557 444
8 996 257 217 1
1 944 399 117 41
2 780 766 252 932
9 107 191 908 893
4 402 680 706 805
5 641 740 198 908
9 817 291 642 561
10 661 106 857 911
3 766 403 592 648
6 497 983 658 307
7 703 821 653 23
10 448 956 610 356
4 25 243 8 382
7 41 680 935 584
3 234 891 688 831
8 947 110 540 965
4 397 392 322 577
2 753 985 753 798
1 829 559 487 586
4 413 445 764 382
8 633 843 595 743
6 757 719 598 296
2 850 217 686 458
4 928 186 999 592
4 647 590 514 737
4 896 457 380 100
3 454 739 638 612
