30 155 873
8 37 732 29 348
4 42 46 723 792
7 133 323 282 701
3 48 98 722 646
6 466 912 855 343
8 557 467 119 200
2 726 996 904 994
9 231 14 517 185
7 682 192 283 359
8 738 488 679 640
7 83 284 80 820
8 928 15 282 110
8 682 93 921 334
6 750 867 866 385
2 968 730 109 777
6 336 172 959 497
8 532 127 156 249
10 38 872 993 24
3 802 193 372 709
7 408 270 538 542
3 447 395 184 366
9 59 814 943 888
1 636 786 307 509
10 246 183 11 375
10 647 123 307 455
8 797 997 188 527
10 382 483 514 635
8 799 255 269 986
6 670 986 659 885
4 711 656 396 528
