40 190 297
7 182 5 447 698
10 571 604 25 953
3 646 476 429 917
2 488 728 90 27
8 623 644 184 845
10 517 143 958 980
7 140 858 214 784
4 859 123 444 256
1 117 794 775 642
2 986 862 495 907
6 237 166 182 593
4 667 114 568 525
4 382 649 803 525
6 518 738 638 396
10 545 623 512 751
8 256 475 803 395
5 973 969 849 456
6 238 4 497 125
5 736 318 762 88
1 700 132 483 611
7 602 512 451 980
3 965 501 348 491
5 608 803 773 640
3 243 594 84 887
7 778 786 330 109
8 764 900 388 281
6 763 890 743 900
10 88 43 253 588
6 800 694 727 998
1 383 122 39 438
10 932 610 843 794
7 277 8 564 378
10 336 422 528 447
4 864 895 275 469
10 509 440 861 816
1 598 50 298 477
5 291 523 744 330
7 502 238 669 495
7 337 825 300 916
1 712 261 158 466
