50 143 599
1 931 197 249 722
10 834 530 529 413
7 720 235 579 920
3 982 701 123 231
4 400 96 258 230
4 284 650 488 647
7 915 343 5 719
4 794 815 679 265
4 831 443 65 597
4 301 907 413 601
3 856 3 882 409
7 627 120 854 626
1 260 493 345 566
10 946 641 876 780
4 299 734 542 505
1 776 136 899 870
4 235 433 536 881
8 537 597 860 65
3 578 182 102 86
5 785 588 709 792
7 695 196 289 609
1 759 837 564 272
6 819 226 640 387
10 918 86 884 321
2 457 873 3 275
4 524 641 600 937
7 842 672 133 295
2 446 742 113 610
3 9 863 185 432
7 525 238 330 88
6 881 601 800 9
3 172 207 817 532
10 614 177 818 591
3 96 772 576 355
5 857 557 527 643
9 149 864 945 560
10 62 620 158 462
7 434 207 946 875
9 427 935 24 251
6 717 564 781 946
8 845 754 712 937
5 504 512 756 288
9 952 62 965 333
2 9 324 179 451
7 78 987 611 792
2 891 169 23 975
3 149 803 179 396
4 234 131 789 722
1 448 608 918 35
9 661 751 898 338
