60 102 990
1 240 842 688 282
7 520 103 898 453
8 33 66 257 77
2 812 719 27 976
6 670 745 785 153
1 19 544 437 62
2 8 828 652 815
2 573 141 461 119
5 403 940 1 338
10 95 411 378 377
9 518 326 248 774
10 806 57 931 911
10 377 601 620 197
1 985 440 847 844
6 63 124 322 123
6 271 805 439 508
4 671 485 44 346
9 161 844 934 753
5 746 711 357 793
3 481 931 589 690
7 177 246 603 54
6 126 456 36 321
4 177 702 471 693
1 458 427 929 615
8 227 797 603 517
8 516 288 268 234
5 106 703 569 861
6 526 781 779 719
4 139 78 218 438
5 349 674 105 571
4 263 517 866 114
3 503 712 848 216
3 513 932 715 811
9 160 951 584 28
8 635 679 598 558
6 98 193 206 424
7 623 771 563 107
4 278 24 190 215
3 670 759 88 387
7 233 536 697 931
4 674 806 790 996
7 85 981 98 893
7 9 461 543 887
2 13 706 575 990
10 860 292 751 750
4 131 469 790 244
2 482 515 126 677
3 271 601 726 290
7 959 705 509 499
3 279 444 948 222
9 938 63 28 295
3 303 380 533 835
2 267 141 979 753
9 244 537 557 644
2 756 39 94 699
7 998 352 977 555
2 78 635 645 16
6 605 115 264 225
6 269 544 357 129
9 244 884 264 707
