70 100 214
6 647 469 612 140
10 548 553 618 465
1 354 94 266 564
8 399 171 446 990
1 799 858 55 536
5 194 440 597 850
1 530 179 685 62
4 278 300 347 726
6 935 160 193 841
2 702 344 924 180
8 408 728 238 551
4 691 336 609 900
2 432 838 752 902
4 172 980 157 520
6 384 626 12 873
7 867 869 563 524
6 621 206 769 542
2 280 136 872 593
5 830 314 533 641
2 926 121 349 947
4 532 884 150 907
3 50 448 407 829
4 269 41 943 64
4 55 435 213 568
6 662 377 695 349
7 461 577 960 341
1 331 386 367 448
1 719 657 512 919
3 674 503 782 282
8 205 967 594 418
6 539 695 553 811
1 146 525 879 570
6 498 410 594 761
7 668 787 417 660
5 202 268 301 699
5 989 568 971 22
9 261 79 151 567
8 520 919 183 644
10 370 273 632 961
1 687 898 381 901
9 3 701 386 736
7 946 261 377 27
5 866 867 513 436
1 177 307 862 907
7 611 365 137 987
10 95 887 511 846
4 340 287 830 287
2 837 560 366 577
10 494 176 624 276
8 311 351 752 652
9 447 65 649 83
8 809 122 644 571
5 309 919 96 23
3 14 152 885 103
5 990 697 290 815
4 888 887 642 538
1 878 952 322 814
9 683 764 800 210
5 772 56 705 854
10 993 601 226 842
1 722 529 160 674
6 901 494 259 15
6 748 467 67 797
2 703 96 958 939
9 111 49 556 56
8 14 905 304 413
10 24 807 39 144
1 801 18 38 308
5 333 357 598 515
4 99 654 272 4
