80 216 566
9 419 301 359 441
5 579 582 273 717
1 306 947 299 142
2 860 798 574 317
9 226 604 538 675
5 515 420 229 709
6 133 834 955 481
10 735 998 850 154
4 1000 79 877 702
6 978 107 316 829
10 816 65 653 860
10 305 459 524 533
10 118 696 137 933
8 770 471 271 421
1 680 234 471 250
8 225 138 509 767
3 729 842 436 665
8 530 126 614 72
4 563 54 814 867
5 145 906 335 675
4 848 927 395 263
2 887 934 966 749
2 965 978 903 124
7 58 245 36 932
8 567 83 276 514
8 623 525 594 366
7 555 484 238 629
2 843 403 304 910
1 625 444 966 296
6 671 318 557 427
5 317 241 536 235
6 955 48 34 431
9 269 245 583 785
2 84 144 178 682
6 481 690 731 685
10 289 264 907 972
3 821 465 875 229
5 318 576 251 271
3 828 139 103 584
4 123 252 509 628
10 664 675 808 975
8 997 898 987 382
5 644 502 225 827
2 972 648 914 45
5 991 686 555 852
2 11 243 970 760
1 213 251 985 539
2 140 987 946 242
9 468 518 966 966
5 561 875 864 914
5 143 742 765 458
4 70 76 254 476
2 770 600 608 167
10 939 469 11 952
3 279 468 904 762
7 302 938 545 76
3 866 221 759 125
4 402 506 693 975
10 73 722 921 121
4 714 52 24 245
4 669 218 475 202
8 230 650 96 292
1 327 508 354 106
5 618 263 653 761
1 449 327 739 728
7 67 186 694 16
8 69 233 620 500
1 987 736 360 338
1 992 294 445 133
2 478 775 104 864
6 507 812 206 181
1 159 51 522 974
6 42 560 658 809
8 935 438 379 200
10 672 162 419 378
7 58 866 887 284
7 750 274 239 587
3 682 971 723 631
3 822 243 842 911
7 757 614 21 320
