90 231 831
7 927 892 833 440
9 768 10 335 359
2 935 634 368 446
3 624 538 915 481
1 880 200 493 778
1 192 730 256 753
7 719 335 631 828
6 843 244 429 834
7 859 564 641 874
3 544 841 339 7
4 304 807 673 105
10 640 159 408 559
5 996 582 467 310
4 86 613 829 491
9 724 664 959 161
5 782 507 730 590
2 627 297 886 821
5 711 949 186 201
8 482 292 372 900
7 793 548 972 828
8 586 367 953 923
10 393 757 527 535
10 29 546 214 733
4 387 377 581 87
10 197 15 287 554
8 282 91 376 734
4 865 472 556 499
3 607 20 751 499
10 577 708 339 680
1 276 652 15 900
9 310 39 181 295
6 248 105 43 158
4 96 232 98 624
3 96 64 594 725
3 266 891 127 559
3 262 717 165 610
7 508 325 908 470
5 510 612 666 54
8 870 363 133 639
4 740 174 946 676
5 968 520 650 726
3 643 80 930 575
10 548 450 112 224
10 630 637 601 19
10 263 595 268 901
10 347 787 939 174
4 52 31 424 180
8 376 673 626 945
9 16 732 599 567
3 339 451 34 703
4 507 283 239 913
9 558 144 680 772
1 555 154 90 525
7 921 118 499 897
3 468 177 487 737
10 478 888 170 675
6 185 99 390 903
7 447 927 308 304
7 811 306 323 305
10 915 727 59 798
1 482 818 4 953
5 560 993 508 672
8 302 374 462 852
3 548 305 957 621
4 531 77 204 873
5 32 73 328 953
7 221 598 336 404
2 412 325 893 420
7 35 265 616 309
2 270 874 655 614
2 705 406 142 628
2 195 352 9 771
9 895 728 598 946
8 220 63 314 544
5 130 693 881 866
4 834 569 95 609
10 528 505 814 771
5 880 230 650 529
1 349 442 177 622
4 26 384 244 612
2 505 344 891 813
1 178 466 466 258
7 686 464 948 829
3 563 829 214 333
4 466 269 184 673
5 426 127 430 691
3 285 698 239 942
2 535 208 894 69
10 674 371 715 859
1 378 613 7 550
