100
14119299 988145474
246279040 715920185
68637109 980571601
192845814 885178120
154399322 718449039
119874228 891096114
146724989 910065969
95151817 579525717
56766458 797723068
13746877 944095750
193964459 592033065
237258186 997327442
127622525 943224831
63110418 743947462
99167493 951500085
214889981 863286791
189645559 711169020
181723328 860799019
44256972 977085493
98493491 698656293
195534531 820884070
192268759 944775872
230950038 639936927
126817940 787716496
187659994 890564816
84328597 631624453
232597881 821586782
231468246 962736757
14811613 544578663
59200570 966495457
98595100 876606902
182298599 538240658
87775921 864021926
149039676 984549245
193623771 747533166
35721889 889158301
68417236 977990647
186450524 549367273
117927573 813268464
189600120 908103919
203833279 523928717
39728371 788947511
198031850 873712968
104200619 565359814
20807983 913401188
31855270 869403082
40008089 714153869
157643739 980300362
180692146 909199766
67365958 624315916
9249284 853087846
115990569 930182871
81078493 654957444
82066495 801522417
218225907 771666615
209626335 524575538
148111683 851871057
63523048 846143532
225584025 667723667
161503346 848908359
81124854 795874967
218311440 723649295
112545187 978471530
56466008 895753685
137671295 623831965
122585952 896920578
226919810 988576520
77103448 660514654
143533964 909169943
64553423 964276222
33352909 626696109
238851759 931464591
228567166 802374807
130124474 556667542
72614825 894144171
155575900 756256030
190019138 623887339
229905324 905080676
102358868 888887683
50834360 592546514
12719647 923420312
91983444 842155809
14513183 521603243
105186814 760563498
33289537 772256588
77356072 566642445
148952697 816207830
100623387 877519862
221098988 730747861
36703755 793713812
124892031 794796006
152486194 667427520
168683344 882391517
175024548 873558563
123795552 578375259
68621428 989031550
1795570 910604871
81187358 618825105
182208114 788890524
231904954 965497650
