1000
235368635 871535082
228414690 626314154
43352689 788779153
177629175 940711092
151514354 517741275
172049036 847066948
233920793 969909638
248211432 669263225
29399921 948292661
35579036 908704563
23546695 593722474
131527294 966488320
238647893 955578815
167688346 712835027
205340964 832434017
245022320 940709598
203969099 575953361
67023751 849838139
114732513 847169277
40549230 516246866
114910552 815114618
215830166 951347696
137540607 714041597
120610921 916940527
14850610 906189956
178161442 640913656
102428781 912205087
107401976 841076673
220300253 627606673
156428051 925641216
210040690 753966722
116350814 516526140
79920082 785890916
218880630 944652594
235576545 509429860
63415812 850487096
177060829 779245977
154351143 564601435
95803925 774962063
84058314 963170886
33668371 512219755
104084542 988613503
174424841 814002869
182206528 644725093
191609541 838634578
172882660 901650230
92601300 641749825
20692721 922521381
177640741 989573351
117173975 515733637
101519562 930589786
218737084 778580390
62352114 623088226
195698176 760672390
566641 779756489
223843276 534235011
41976243 827927817
125364865 818917435
141930685 557571392
66158879 833540225
146205970 989041539
87706807 738807269
130791363 960915879
161328649 910948455
53005581 631018975
29198443 904525142
164125112 997935526
35621883 578993577
121023752 833836411
89665967 871590392
113592899 563509242
8341754 758085494
243953410 883706618
179519280 738400446
43794362 995678159
71940670 940000331
87236049 512163828
31323951 820543763
75596059 942652599
84008570 628601639
176187926 863207012
33126781 942829389
111142538 671265015
21822966 834682641
5101425 861488932
206273032 721210676
27514525 817131137
81812521 771467934
53354106 511331800
9868379 847148467
109526310 934325400
37148797 549278710
49005580 818472747
119822473 874601638
113641698 556347394
3203276 892345975
22070757 888846408
85175363 633213294
162627775 856998328
217895934 917729199
218487259 526685317
241456226 848518135
196332805 823268746
119986068 749686911
84600546 982370798
96835377 796643207
166696198 633984174
95921917 965701777
54973272 965744389
192819766 521131321
124608134 946023041
163477295 896678890
187385801 748652658
29892184 850013575
105650985 850304469
120259125 676654596
229506138 861715351
25172730 925838942
184984096 747675150
175525852 872100993
230045947 874877581
168744200 646742144
111378106 764666116
214960272 916351377
82926856 510296389
39999050 957534989
206319430 953476344
104213878 643705230
202129001 986622413
96235156 910296338
189443234 716494280
86950933 771465723
78209630 964640014
197304664 615710078
212315163 975346868
237811070 794877462
100224448 509071621
44135957 814118905
23737736 861612581
82986633 709180943
121908969 872985682
166715931 930744750
76462026 623446161
74449979 778591026
212584925 773201486
41403715 652028158
239695766 980870999
26010232 817905395
195511013 723314896
183615472 760342527
51178115 773942894
157736340 503918914
135530866 951872297
68037818 761784954
63484877 651024450
220965896 935393845
126526484 990198179
116138595 702988509
113644339 793104925
84095886 928745615
66306411 625499601
183290125 806002176
106370599 959300356
226423922 654397963
182615251 762555746
17256842 836309717
139014991 674993181
90228630 774545856
126865477 760782799
36330809 542866705
14323601 757296705
80776902 890850084
247494883 549431848
93838592 963655573
92536772 780450829
142401187 511359534
8466781 825691311
169878061 864837380
137508019 748818335
121751694 820123269
11374080 991524887
8949338 502905422
166518068 951694319
27451277 895899896
212477118 563782086
41282953 829317070
173595142 872059854
220167153 671090024
171491701 916522096
237261948 866544824
49489276 732179486
230420710 807956057
160387149 752815122
25309788 547895167
1633456 897061481
220534787 865523887
138586368 729484124
118429308 907620787
33694795 895880585
156037034 746171912
62179022 799836338
178005333 985774163
171896191 648172485
9380538 945904243
167210932 996642485
164965419 716700207
81338322 895386128
24656263 991725470
717601 549966050
142136988 752351057
49543883 862671775
220391295 540646602
194672250 838820603
50783740 978367044
87217539 706820773
77055307 899396560
6657111 755060639
237687074 531069653
5749475 997067611
79490248 922960406
96226447 744455666
242176965 927564768
139841793 869349579
21806590 743075745
21831981 913943577
245426801 923892215
129131703 568334448
214538816 823803953
9671402 765322555
52170996 596888940
74659679 981742655
98801851 933833141
236803293 586488924
67419146 992552768
186072886 896909393
18029525 532299332
141365058 862722841
62380451 883723202
84588772 584187040
126798946 856420752
248130617 974742099
30312966 627262319
43076546 847368133
53582623 905264299
215207039 708269971
2153238 892383069
190012625 953471440
178732562 529332269
142476715 996151707
21885036 828549600
143061099 642430913
213365283 886942508
107670105 775745733
123182061 692258876
109932773 999981006
48679627 960579741
77239456 681508944
190358411 972832353
131393428 993941034
128096651 596600466
54727356 982766240
238983535 994739980
186237679 667716096
24072248 931230745
16384154 898473636
9780344 511961604
143420900 825661978
148904111 751091004
101407711 522086171
193349880 813856835
124583528 844545858
24436575 554339336
26054802 817311337
129688040 907448229
61252370 507784691
106565047 968496077
93067282 948064933
213236056 631821313
218297380 839824656
63052057 984681533
90814643 675348753
246643136 984235542
1010730 998063598
87842897 602418440
122666120 781192776
166275274 849765999
228254986 543228200
154105334 754309787
110539537 783793374
14274367 524308258
144094416 973355765
242804335 987161697
171420697 558556742
118983009 889718076
897749 784551418
124399608 591712391
209900170 973559095
178464284 960910899
74139044 516307181
63329339 946805163
150016308 832120964
46571162 628271293
125349164 803192847
235097431 838405052
189502572 601888150
112713309 833596987
75243914 958033995
173275036 746664611
16590737 894774396
238899038 767488485
179325813 715814998
211717228 889225982
41890444 890181511
100136881 616029488
156488691 765982571
62834650 909021351
98103534 711922163
37292643 825969049
117631362 772390074
164374100 557133933
124278223 879603761
243247272 802038488
87637755 519038659
151219450 956744843
163813054 890118488
76749680 695655219
105933485 788466907
84881200 897823928
178648417 537534432
116369767 937653460
53517002 929204417
96674810 504136888
243642931 986483804
182622288 861274292
8873877 699512740
20924577 985668451
79116500 764171848
140223291 519270606
33210506 791442740
78531801 799539911
34077579 655281480
245195129 890011063
46264738 932592681
140351343 577429506
220127112 756721109
15082965 876160466
38441877 714274126
232813705 782084808
200757930 915435992
245875451 562148158
114948731 766800027
150332961 796581582
133488226 540556251
168368540 769215083
184515342 996900340
68754994 718592921
4698171 916466474
108603983 903479260
99059154 601471677
230908765 921702618
210709138 848508082
150379435 601667366
62782207 883193139
236268525 763540136
48629130 732143976
178204646 766094213
101460354 828537606
165192146 734948580
221610208 833560685
4163662 906125549
182977376 675435007
124718469 790191898
194417833 835838804
193671157 543476986
39826832 924579922
67695955 750535969
23088003 718075389
102203335 938386561
101268527 838471859
54443049 502414009
173132186 982647694
121024573 774592540
61185299 536216718
112057471 782795506
222293755 866221132
41437406 655271130
144172491 916155875
47979380 838590323
1994678 741650536
234583660 791821509
18746809 802279615
144873830 644351163
122871355 849593516
82737724 826656234
188065374 637180772
79070242 963713912
222344817 802611166
238306451 636046467
88827883 850363921
21358324 811121637
69101404 562795729
68909119 815790246
228951603 866888498
154380568 583462632
211055385 888964228
125284141 979802194
43760194 622674322
124153356 769147900
222267837 809407431
95804133 512849562
49104554 777390726
226563473 771449370
80001891 567386275
157495836 771346126
20266547 928854159
184984114 691884303
94166240 753893232
7674548 823117842
223298081 662055116
156580474 934353466
153535695 884380966
164155659 549812240
109571639 890825366
68960139 831839475
52749149 664764272
94689036 954370054
192154997 923768861
225819424 624673240
241155135 985831611
146019365 863938034
17202122 581003478
55822336 861368361
84896710 813496883
37002554 660711142
78068350 796099379
95064607 981604044
32996696 611736617
31416283 892568334
2561983 850376422
224407808 657827483
117657045 921613196
112197536 809812041
95382056 690533311
184485280 939053542
28881274 933020996
52991575 546083395
14024474 961330262
9968107 951437535
127343497 546970660
112148676 955411846
195586391 957213283
39532242 728583086
68949899 923464876
121151420 924028233
126357649 698075579
81855715 994014693
119688774 796569603
53826734 567587181
237102913 840828365
109157075 765984186
23849361 514665001
164583932 890390186
225995263 777068390
91827720 705855111
176555402 806492747
161266956 872141792
116222381 553315549
100724877 935172280
226780425 824392648
211716864 603138073
22468227 896088931
97152766 994673352
192658533 503495851
164776885 782277797
196840567 876450311
150778335 573206279
141115311 917878618
213596464 969626925
194947008 657940535
175482035 871502409
214433282 939265343
243644200 580655662
242580891 946885428
118344293 969361315
123794428 580061157
72499388 896262654
78666439 772168505
243452357 623841323
25664355 760745593
156119119 825021273
137195903 659413805
148227552 880827566
77292423 861824015
100454490 522239430
19764550 878452877
246258190 984197831
67718219 592418741
167369844 912815461
39304168 785714137
132176776 663098595
218291645 807192515
161877600 796958083
79361019 507846309
23315757 957541725
18591901 929434875
32562997 508304156
191365032 930790548
139131721 768657454
145130915 592102562
143413235 914895464
220555438 889671424
1609646 640790008
232090164 918979489
53605469 873910683
57209977 538298596
139525630 775501621
95491110 903919581
174976055 527368480
161765889 948291811
87426556 782874142
230243038 619989552
41178297 921608069
153296452 782826369
190265522 548427366
124928930 936195108
65839181 948000720
75866531 567448826
88790727 910473046
88944666 994912547
34383728 646154643
33211142 776425709
24172615 878702251
180345290 699148670
8587082 944627530
147440480 846013637
227501671 627683517
68519541 871196319
151807937 824332344
154022687 592073458
122759709 881467969
130784917 791115241
79468688 706651447
211080418 770775766
219640844 902541435
15688313 606540924
48696077 901415806
132966632 925385044
132634409 665828273
124533713 891221490
110455803 874490544
89751479 690473825
2174061 908271019
61670144 756498349
232603362 568209182
98571807 957879422
52193502 831873075
101511014 631662189
141040874 812591431
4954307 860681717
215132865 623158971
217222640 866345294
24574776 952705624
41730337 657209184
118533896 768780401
150947026 978989698
143270944 740698504
21979875 997961356
1485874 833650018
4459705 586605587
4375551 955547863
147001360 806569053
37420937 748512373
40747593 928461810
163620155 795701899
141659879 731269371
168860869 858882518
200131016 795951997
164104493 741861352
203161180 782638389
113158104 956624557
114144438 506429048
197323060 886124312
106906755 801325285
72290681 611366459
137930871 826666232
169430673 784932230
133235284 706851610
135960954 923982876
237829771 799581108
219684775 629489649
30850479 991061995
90888519 833497846
37013991 504993011
75359198 842691523
37631399 791033653
151832431 504292189
149979052 849155491
140416500 756885807
2997127 565223533
220768617 890927998
141889764 890199290
28376579 525125047
199567251 914337533
51624274 937397021
213918640 623825400
169403022 847285470
114887395 760291540
180783316 504417737
15284550 858658865
199625611 905432301
2208869 601458042
12240841 902187921
53129884 755173692
159073727 556127010
70397224 879842343
49571359 962286987
20041632 577947938
89928385 969608882
242285470 891552659
9522255 558720461
15378058 928925276
156005931 982781804
189216815 689305598
89715893 807017716
150480814 891857855
64966368 652689682
95832248 827207208
54877602 898962131
82380900 713951328
57605493 902778123
196310023 857176851
217581462 568868006
185124788 807509846
140993240 927410257
51578856 650515494
236130718 919473266
181957121 994653000
4771421 621173935
183958597 947003665
30708002 936955762
88861520 595674370
89645443 934693767
25397929 894523045
186172250 607778828
210990724 993777742
113073303 759817098
100954592 580654764
78685104 786079380
240680961 969678343
66005988 644776169
120193836 904653057
166765786 802150956
149306056 671537206
25841242 935781004
118540871 909065595
122736765 559918742
107256316 814898560
244612508 882654245
209421604 680784757
92949424 772928679
27078850 956022726
32745777 628033442
139193841 861430880
16629173 982391154
81109222 685151512
229683674 803819409
89804569 896449459
208486716 739110624
170503016 836844309
27407980 891560238
245909903 650144744
201478979 955682571
215043303 798607839
88336815 526981258
81908947 931286238
152426289 858987797
239825316 685172065
237021238 981535508
149119296 856166762
66443013 582744869
41318273 796126686
239080629 983639193
45092496 697567344
222749817 965595512
136928004 750157796
107155749 632837906
2818891 911151080
88520476 967862194
209758918 529373642
97359803 791667864
63176232 999786091
150655660 655517899
37474507 990193249
137053406 936593802
198876362 703496419
19338670 842710987
102139456 860935650
76350179 647231952
58502993 901616347
112827463 945430996
4290494 572499563
180785254 757109385
86166994 871822081
77487930 545925911
3712075 924847732
190110127 816888306
27150175 693282138
222406204 814624681
35991739 961975961
1218483 734868100
17988731 873073504
180095438 870128187
234009154 506445617
119876490 895028498
158061963 835220304
192975846 662352457
157719866 873761099
21978193 846403212
98099531 599466122
244845474 851811605
24313853 934955600
21216262 653980379
230754090 846138817
218605060 766745828
160631130 572339894
104130279 928619860
195413397 784225717
151264398 531938902
143187685 771140887
29483752 801249647
106361190 722459597
66118455 866597408
198737047 838096647
213000619 649352929
187562768 957846092
103680886 814392973
245318044 624897147
218373351 976072133
73552316 789494762
95334312 734183445
111834655 949464590
162803304 909764404
86206658 564067702
191703305 979394342
85208588 823703408
133160341 544086130
46163004 949278795
160683537 847416402
37375442 623684155
246769331 827454561
81530246 850450216
244363885 576848289
77863714 962737236
155436773 901416029
2231997 500771084
135599473 864066652
52752026 900919129
126347407 638958683
214986830 818050711
118353025 902711769
141754119 501513365
196797898 790433474
53308511 857481434
137849876 590683952
83681940 884619206
20654865 915212186
87585773 515018749
94576826 915449486
80272336 750013599
66865515 685020685
784682 804981339
151603688 803536707
205900467 527951094
45011742 920887296
198518156 913364766
176115417 590272274
17394482 975429666
233222100 820702992
82911100 723588327
13903296 769109391
210723884 887074512
184321576 548309656
152093260 881414754
213759141 834881948
131428352 633141007
19902632 984729385
188122346 921506319
140782444 644022812
199457412 935794185
167426460 897975567
201675302 696058228
90764193 821586135
171487893 926502644
142289126 606915344
150090970 758708773
126024735 860814853
145783284 560346310
11640860 900392896
44277415 975400000
235274843 675705766
211057359 857693826
12951503 751696056
29200144 653733946
145718867 831173907
192044482 915661678
81665825 746236135
111719905 774946369
67822269 783207798
201449012 562627746
140123141 851539981
173852871 868664227
64871185 672152506
31526889 826512044
72545401 825804303
154428396 660336595
1510069 865485754
18030420 866977923
117181809 649746915
20711868 865417027
230920821 815272701
31078705 665102998
61508835 892798609
190049366 981847455
28522758 744014730
44475200 771162251
198071062 968328070
139826477 512942247
140480576 921353365
191970642 815542328
247157668 596399037
78395275 851184088
64401142 846425694
218162010 534099302
98688961 841390229
149516329 932126133
9179281 533111385
97229130 820688115
28426345 889794848
52535569 659465455
133809577 949527120
180627705 831880638
20371542 672970533
94822884 763368469
94323898 786793526
78910796 693997917
235708914 907306070
147698356 800110056
106248116 718376717
186725709 954937076
162283297 836242037
239579560 671462577
221869773 836808690
242150691 750296118
226603537 647202611
159761572 860413113
96729730 942905628
44810102 617101271
115876160 889632986
130469739 812716409
28942863 561896887
109230677 867168128
71719308 859445384
19794535 677967423
77822100 956520244
235420850 990105396
145278632 725000410
161567972 867148405
164325451 756235014
219960874 743445339
153437624 982238797
206374803 852683706
175144424 501184904
72301328 893536935
243334241 805287419
206253344 624793455
117184305 918000372
241961583 791419964
27445756 511756117
71903739 957784207
70792712 807324588
197889603 716071344
134841349 961973926
83219748 901683151
70725292 655696973
145128489 826679267
137935769 851503291
179362972 665596544
102688195 854180652
59133478 948538787
159468070 617903173
73332242 879168726
35903545 815293824
170588689 665865652
179566292 992492427
123649858 750359004
152333367 674055812
68946699 889691067
238546090 754682798
41374218 559271381
160379770 789019058
135950647 798315538
140522349 565313619
213912081 845726895
22010622 875561910
44265681 681478691
243465083 867597922
163163768 881884979
35408097 583752456
47750630 817490741
178761235 921400487
170366096 581094601
197972651 989312794
220785667 936518740
243995591 614676236
245790120 904375360
153695294 881740766
55207249 544217642
49570736 769119329
242460888 924097709
144681238 639242920
105576399 990662672
6840842 768740166
122547650 644765290
205008974 920298279
64772382 883770208
194215118 735138477
67381160 892187768
224451270 890683178
181222859 718446860
5359414 779529330
225338571 909054707
13786447 530545819
55788700 813357183
152181499 900765939
89971243 649379089
40008858 945547642
140041760 899366051
66804159 512589410
44131341 874329484
35404040 858903722
8099691 582135509
94042199 825480850
224323276 921009820
68680380 508062486
241973032 824039793
37591815 967311602
85610851 551378262
100373773 891399550
217251796 752555271
42165488 557223038
4450711 832174345
105287031 894492471
231540396 672091190
9598232 878188088
46420673 897518623
89608161 657036716
229654132 786166711
85033917 806493759
207176531 653714296
64556245 801665914
227754088 852148059
121493867 563364938
153526320 971867639
57280839 870778115
76939262 701962678
30517505 831389972
136653375 885804535
78398794 618193770
57895724 940513377
98898209 956832749
88032000 541022721
216385816 817686131
77189432 801419732
124179889 636882314
205134028 938736133
188548227 785404467
143400544 560042093
201285757 899443215
134426084 861082947
122737682 563881697
63045625 903255186
247788020 949698999
39059720 678703166
170409120 949471796
119216542 769307328
8820896 707248541
60330048 975206711
127451023 990035831
26626442 501630912
126918144 834276821
42883396 917982722
222197640 538800291
80541167 775999748
188243506 817483602
137082694 560981187
131365298 950128318
214236372 879153317
149827316 605812443
160372834 820236435
55284238 779589376
