100
39 70
93 84
93 14
36 39
62 94
83 38
83 91
24 25
50 18
77 3
76 79
76 61
49 62
92 48
92 26
92 57
92 82
55 8
20 44
28 86
96 88
11 100
12 78
90 6
31 37
31 63
31 42
71 96
54 32
40 53
95 97
95 77
52 20
52 55
30 90
30 36
30 45
13 23
10 47
27 21
27 30
17 28
17 76
17 56
17 66
1 13
1 54
81 31
4 49
4 19
2 81
2 9
2 89
41 5
98 58
98 12
98 72
74 10
74 24
74 34
74 15
85 46
16 41
16 1
16 11
73 74
73 99
73 83
80 92
80 65
80 64
33 85
33 52
33 69
43 98
43 40
51 80
51 71
51 75
60 2
60 50
35 51
35 43
35 17
35 27
35 95
35 93
22 33
22 73
22 4
22 67
22 29
59 22
59 35
59 60
59 16
59 68
59 7
59 87
