5000
4358 4462
4358 4465
1584 1404
1584 4358
1858 2390
1858 1584
2638 1858
2638 3547
1841 2638
1841 4113
2582 1841
2582 1667
3218 2582
3218 4438
1935 3218
1935 3756
3986 1935
3986 2722
699 3986
699 4036
770 699
770 3588
2904 1
2904 770
3897 494
3897 2904
2782 1653
2782 3897
4624 2782
4624 3058
4492 3003
4492 4624
2669 4737
2669 4492
4176 2669
4176 1090
2455 478
2455 4176
1529 2455
1529 3376
3445 1005
3445 1529
2144 1582
2144 3445
4787 572
4787 2144
3234 4924
3234 4787
4611 3234
4611 2193
1535 2121
1535 4611
1702 1535
1702 4872
555 1260
555 1702
3795 4095
3795 555
3174 4778
3174 3795
1210 3174
1210 1339
4985 3251
4985 1210
4730 1503
4730 4985
4072 659
4072 4730
1789 4072
1789 2609
412 1789
412 3286
4124 412
4124 658
3304 4124
3304 665
1232 3304
1232 3637
3255 1232
3255 428
4014 696
4014 3255
1057 1488
1057 4014
2921 1175
2921 1057
41 2921
41 2300
2806 2985
2806 41
3148 468
3148 2806
2951 3231
2951 3148
1216 2927
1216 2951
1414 113
1414 1216
540 1414
540 2141
2318 1965
2318 540
513 317
513 2318
3076 4486
3076 513
466 3156
466 3076
3324 2033
3324 466
403 2604
403 3324
308 403
308 1143
2950 3491
2950 308
3728 4608
3728 2950
2348 3728
2348 822
1561 2348
1561 69
3988 1241
3988 1561
3903 4118
3903 3988
293 1237
293 3903
2554 293
2554 1156
1903 2000
1903 2554
4509 1903
4509 4992
1044 4509
1044 4086
851 3461
851 1044
1299 851
1299 4422
2294 615
2294 1299
4683 941
4683 2294
972 4683
972 1454
4632 972
4632 3660
4660 4632
4660 982
3784 4660
3784 3145
4906 3784
4906 2721
4278 2571
4278 4906
199 4278
199 3088
2419 199
2419 4347
1807 2419
1807 521
2471 50
2471 1807
2794 2471
2794 1449
4831 2794
4831 762
4292 166
4292 4831
1121 4292
1121 1387
3112 1121
3112 4409
3206 3112
3206 2935
2842 3206
2842 3196
4421 2842
4421 566
1433 4421
1433 4901
1805 605
1805 1433
3329 1805
3329 1642
554 3329
554 3188
1246 3467
1246 554
954 1246
954 1468
1158 954
1158 4734
4527 1362
4527 1158
2064 2858
2064 4527
371 2064
371 4953
740 371
740 3374
1162 2239
1162 740
1023 1162
1023 3266
4173 1023
4173 3786
2551 4173
2551 3928
4193 256
4193 2551
2715 3597
2715 4193
2353 2715
2353 2531
4484 3747
4484 2353
4935 1406
4935 4484
1502 4874
1502 4935
2462 1502
2462 738
2472 2462
2472 2856
498 2472
498 726
2023 498
2023 499
4187 2414
4187 2023
3804 4161
3804 4187
1009 3804
1009 4964
3522 2584
3522 1009
2641 3313
2641 3522
4049 4650
4049 2641
351 4049
351 2823
734 351
734 1385
2215 734
2215 2579
3049 2215
3049 4841
1271 3969
1271 3049
4837 3751
4837 1271
3263 4018
3263 4837
681 2637
681 3263
1269 681
1269 3568
3319 1269
3319 2483
292 3319
292 1570
2007 116
2007 292
4156 2976
4156 2007
4185 4156
4185 3777
2057 4185
2057 4771
1669 2057
1669 19
3501 1669
3501 488
1352 3501
1352 3283
3046 768
3046 1352
1351 1625
1351 3046
1373 2909
1373 1351
3620 2252
3620 1373
3880 3620
3880 1313
3689 862
3689 3880
3743 3689
3743 1765
4876 3743
4876 1680
1015 4876
1015 1747
1456 1015
1456 409
3541 4040
3541 1456
1759 3541
1759 1842
3177 254
3177 1759
1958 3177
1958 273
4532 1872
4532 1958
213 4532
213 3187
801 213
801 4955
1798 801
1798 984
4993 259
4993 1798
342 1623
342 4993
616 342
616 1704
4317 1843
4317 616
4410 4317
4410 3562
363 4410
363 1853
927 2632
927 363
3896 3396
3896 927
779 3896
779 2346
1016 1969
1016 779
3023 4569
3023 1016
1179 2242
1179 3023
1390 2308
1390 1179
1739 542
1739 1390
650 1739
650 101
1491 650
1491 3731
3433 4222
3433 1491
1618 3433
1618 1359
3057 1618
3057 4255
3045 3057
3045 3108
4468 2958
4468 3045
4240 4468
4240 3140
3835 4385
3835 4240
3485 3835
3485 1040
3427 4316
3427 3485
753 126
753 3427
209 753
209 1851
929 209
929 2590
1003 4121
1003 929
2784 4378
2784 1003
709 2784
709 3976
1806 709
1806 2329
874 1612
874 1806
3100 874
3100 1892
1635 3100
1635 2034
4463 2564
4463 1635
2789 4463
2789 2038
733 1273
733 2789
326 733
326 2827
372 326
372 4830
3097 372
3097 5000
4748 2415
4748 3097
4446 2775
4446 4748
837 3252
837 4446
525 837
525 4423
3687 525
3687 315
2845 3236
2845 3687
4931 935
4931 2845
3622 3303
3622 4931
3091 3622
3091 3224
4047 459
4047 3091
2778 4047
2778 661
4567 2778
4567 2595
80 4567
80 81
4526 80
4526 1697
2436 2647
2436 4526
34 2436
34 3065
2847 4542
2847 34
2079 2847
2079 2563
1659 2079
1659 94
2388 1659
2388 3393
120 2164
120 2388
1439 120
1439 356
704 1439
704 2887
1193 704
1193 1522
3069 1193
3069 1940
1486 3069
1486 4432
964 362
964 1486
3424 2066
3424 964
719 2666
719 3424
887 588
887 719
90 887
90 1166
1378 1771
1378 90
174 920
174 1378
3875 174
3875 4804
809 4418
809 3875
705 809
705 1327
606 2627
606 705
3375 606
3375 4103
892 218
892 3375
3776 892
3776 2238
795 1897
795 3776
668 795
668 3128
599 2892
599 668
816 599
816 2349
2552 2103
2552 816
3690 2552
3690 3832
95 2469
95 3690
4729 669
4729 95
4067 278
4067 4729
4197 4067
4197 3942
78 4197
78 3621
235 1289
235 78
1487 235
1487 3142
840 2299
840 1487
3828 471
3828 840
491 279
491 3828
4731 244
4731 491
1457 4731
1457 4134
886 3168
886 1457
4199 886
4199 2405
4877 4199
4877 4403
156 4877
156 1180
1722 246
1722 156
242 1722
242 2708
4436 1606
4436 242
3733 3262
3733 4436
4326 77
4326 3733
1571 1998
1571 4326
1393 3078
1393 1571
2691 4452
2691 1393
3752 2691
3752 4897
3579 2560
3579 3752
1762 3579
1762 306
4427 302
4427 1762
2247 4427
2247 3043
2062 2247
2062 556
1459 2640
1459 2062
485 4797
485 1459
2306 3720
2306 485
4652 2306
4652 1311
3402 4652
3402 263
1270 3402
1270 2086
2292 1270
2292 423
1568 3907
1568 2292
88 1568
88 2020
2447 2176
2447 88
2491 2447
2491 1134
4991 2096
4991 2491
4117 4106
4117 4991
1866 4117
1866 255
2752 1866
2752 3198
563 2752
563 3573
4396 4594
4396 563
3669 4396
3669 2606
4918 2979
4918 3669
25 4918
25 4126
236 25
236 4416
1505 236
1505 1024
1268 1505
1268 2014
1713 1268
1713 3566
4670 1713
4670 2580
3292 635
3292 4670
1760 3292
1760 4625
1732 1760
1732 3964
1870 3980
1870 1732
4692 3007
4692 1870
1997 1067
1997 4692
3995 2177
3995 1997
47 763
47 3995
3553 47
3553 4591
245 3553
245 2108
4394 1831
4394 245
2574 4394
2574 167
1028 2964
1028 2574
3574 3322
3574 1028
3554 3574
3554 2425
1080 522
1080 3554
1832 3683
1832 1080
4387 1660
4387 1832
3346 3020
3346 4387
251 3275
251 3346
1497 251
1497 178
2112 1428
2112 1497
1169 1605
1169 2112
642 1152
642 1169
2601 642
2601 1951
3734 774
3734 2601
2160 3734
2160 2228
3423 2160
3423 3536
2760 3229
2760 3423
2188 3659
2188 2760
2824 2188
2824 3257
2970 2824
2970 3758
598 3435
598 2970
3750 598
3750 3165
1130 3750
1130 487
1467 1462
1467 1130
1727 2650
1727 1467
3844 1263
3844 1727
1151 3844
1151 124
872 1151
872 3243
3810 1589
3810 872
3696 3810
3696 4027
2126 3696
2126 2382
2219 2900
2219 2126
4709 1441
4709 2219
2509 391
2509 4709
2539 2509
2539 3159
137 2539
137 4895
3922 137
3922 3678
3864 3922
3864 1986
489 1685
489 3864
148 4043
148 489
2120 148
2120 564
4356 2120
4356 1026
1395 2613
1395 4356
1255 1395
1255 2077
949 1255
949 4649
1812 3668
1812 949
938 32
938 1812
4782 2797
4782 938
4619 4782
4619 1775
2181 4619
2181 222
4829 2181
4829 2538
3569 4829
3569 4096
2807 1817
2807 3569
1516 2807
1516 4286
1124 2175
1124 1516
4386 1708
4386 1124
2562 4386
2562 1607
365 2562
365 176
2596 365
2596 3709
1052 4588
1052 2596
1363 1052
1363 2208
1223 1363
1223 2867
3749 4773
3749 1223
2934 1381
2934 3749
2008 1326
2008 2934
4039 3726
4039 2008
1830 3386
1830 4039
812 4467
812 1830
3384 812
3384 4349
1963 1300
1963 3384
2256 1963
2256 341
1648 2256
1648 2040
324 679
324 1648
589 324
589 1425
3629 1064
3629 589
1095 3593
1095 3629
3439 975
3439 1095
965 4402
965 3439
3360 424
3360 965
4219 3360
4219 3352
212 4219
212 1140
1211 3361
1211 212
4266 3814
4266 1211
4331 4266
4331 3306
1898 4331
1898 4579
3011 1898
3011 3214
1357 4761
1357 3011
3783 3469
3783 1357
4566 3783
4566 3131
1970 3494
1970 4566
2278 1970
2278 373
992 2801
992 2278
4323 3902
4323 992
1783 4323
1783 4038
323 1783
323 3136
3572 4695
3572 323
3701 2140
3701 3572
3309 3796
3309 3701
4290 1633
4290 3309
4510 4290
4510 3239
544 4510
544 334
3883 544
3883 225
4920 761
4920 3883
1608 4920
1608 4659
4075 4933
4075 1608
2513 1182
2513 4075
382 2513
382 702
3555 723
3555 382
654 4603
654 3555
1599 4149
1599 654
3580 3791
3580 1599
2662 3580
2662 4942
1391 907
1391 2662
2670 1391
2670 4296
1230 4880
1230 2670
2172 1980
2172 1230
4553 2172
4553 519
788 641
788 4553
16 2889
16 788
4925 16
4925 2159
1795 4925
1795 3001
4019 1795
4019 4254
354 4487
354 4019
1100 354
1100 1282
686 1100
686 2069
1008 686
1008 3138
1219 1008
1219 3240
3534 573
3534 1219
4852 821
4852 3534
4708 3849
4708 4852
479 890
479 4708
366 479
366 4404
1225 414
1225 366
2798 4160
2798 1225
2053 502
2053 2798
4105 2053
4105 196
875 4105
875 1920
514 1316
514 875
3847 514
3847 2685
4364 4411
4364 3847
4844 4364
4844 1137
578 4844
578 1604
2810 578
2810 477
3084 2810
3084 2375
3389 3084
3389 3314
2558 3389
2558 737
3996 2558
3996 1399
4384 3996
4384 1750
947 1923
947 4384
978 2399
978 947
4115 4389
4115 978
1019 4115
1019 664
2833 2668
2833 1019
2587 3594
2587 2833
608 2587
608 1804
3047 36
3047 608
1714 4457
1714 3047
2124 1714
2124 3548
3556 2124
3556 163
2984 2378
2984 3556
1079 2984
1079 2356
3521 2396
3521 1079
3702 3521
3702 2954
897 443
897 3702
2085 4020
2085 897
9 2085
9 4792
4216 9
4216 4315
884 2122
884 4216
2948 4623
2948 884
2633 3611
2633 2948
4238 2633
4238 1934
526 4437
526 4238
1154 526
1154 1907
823 1154
823 3879
1442 823
1442 4998
771 1442
771 3509
859 771
859 3464
110 193
110 859
2738 327
2738 110
4022 480
4022 2738
3373 4398
3373 4022
4882 3373
4882 2232
4119 4882
4119 2443
1035 4119
1035 111
4967 1035
4967 1037
1849 4377
1849 4967
1754 1849
1754 2910
3946 766
3946 1754
3966 3946
3966 3612
1335 2217
1335 3966
2019 510
2019 1335
1835 3175
1835 2019
2214 1835
2214 1202
461 2214
461 1758
33 4333
33 461
558 3682
558 33
3310 1657
3310 558
1594 3310
1594 946
1440 1850
1440 1594
1025 617
1025 1440
4699 2559
4699 1025
4679 4699
4679 476
928 2061
928 4679
269 928
269 1254
3008 269
3008 4488
690 3543
690 3008
4678 4661
4678 690
22 4245
22 4678
1036 4413
1036 22
2736 1002
2736 1036
2319 1405
2319 2736
3295 1741
3295 2319
4988 3295
4988 2953
2922 4988
2922 2024
4697 2922
4697 2473
1666 4697
1666 1430
1744 4091
1744 1666
3280 228
3280 1744
999 3280
999 597
2261 999
2261 2027
896 2261
896 4399
4767 2044
4767 896
2493 4767
2493 4538
1880 3619
1880 2493
3765 1880
3765 117
4190 3765
4190 277
3120 4190
3120 125
576 3120
576 1565
2316 3718
2316 576
4274 2155
4274 2316
300 4274
300 3761
4568 300
4568 2873
4147 4568
4147 4243
4840 1729
4840 4147
4451 785
4451 4840
4602 2071
4602 4451
3630 4602
3630 3154
4613 3630
4613 4139
945 338
945 4613
2337 945
2337 3991
4979 4464
4979 2337
4114 187
4114 4979
3636 850
3636 4114
2355 1546
2355 3636
600 4200
600 2355
1279 600
1279 1578
3913 1279
3913 2235
4853 1552
4853 3913
4616 4425
4616 4853
4973 3129
4973 4616
1736 4973
1736 1113
4862 4561
4862 1736
794 4862
794 3038
662 794
662 1297
2792 662
2792 2693
3785 2792
3785 2198
3094 636
3094 3785
2441 4336
2441 3094
870 4143
870 2441
1417 1799
1417 870
2664 411
2664 1417
197 3208
197 2664
2507 3528
2507 197
2142 4154
2142 2507
1298 316
1298 2142
4521 2962
4521 1298
2978 996
2978 4521
437 1309
437 2978
611 4381
611 437
3824 611
3824 3368
2678 3272
2678 3824
4471 895
4471 2678
3737 4471
3737 320
3192 3737
3192 1537
2973 2920
2973 3192
4984 2973
4984 1051
307 4308
307 4984
2063 307
2063 1746
1096 1913
1096 2063
1192 2059
1192 1096
3150 4395
3150 1192
3826 3150
3826 3030
3223 2735
3223 3826
4930 3223
4930 4720
1262 3489
1262 4930
906 1252
906 1262
3589 1423
3589 906
926 3589
926 4976
4943 926
4943 4379
449 4943
449 846
916 449
916 1286
262 916
262 4104
4910 2874
4910 262
3429 2336
3429 4910
89 3502
89 3429
4280 89
4280 3056
2726 4280
2726 692
2879 1942
2879 2726
3109 2879
3109 2863
250 1955
250 3109
4631 250
4631 2407
2209 2385
2209 4631
4641 2209
4641 3667
2712 4641
2712 3665
4690 1631
4690 2712
3890 4076
3890 4690
1384 4283
1384 3890
2315 1384
2315 674
3203 1733
3203 2315
2875 1168
2875 3203
1927 2875
1927 3054
2928 3315
2928 1927
515 2002
515 2928
482 515
482 1138
1900 2706
1900 482
4391 4963
4391 1900
843 4391
843 2206
4651 843
4651 2110
917 4651
917 370
3757 917
3757 3900
3813 4686
3813 3757
439 3813
439 4809
4525 439
4525 824
4288 4497
4288 4525
4441 1514
4441 4288
2207 4441
2207 2478
186 2207
186 4866
1809 3244
1809 186
4929 1809
4929 4894
1575 281
1575 4929
4408 3792
4408 1575
4663 4408
4663 2442
1177 4663
1177 3321
1745 883
1745 1177
2839 3215
2839 1745
2528 4719
2528 2839
908 847
908 2528
4293 908
4293 3009
4763 4820
4763 4293
3768 4763
3768 991
2884 3768
2884 31
3496 2884
3496 1212
3269 3496
3269 1460
3831 3269
3831 2618
1810 1728
1810 3831
1580 1810
1580 3632
3336 2320
3336 1580
2894 3336
2894 530
2846 24
2846 2894
2534 241
2534 2846
2508 2534
2508 2288
4051 383
4051 2508
4144 2780
4144 4051
430 4144
430 104
1547 1020
1547 430
3179 1547
3179 3472
4478 3179
4478 3417
4371 2362
4371 4478
2078 2533
2078 4371
3500 2078
3500 4932
1265 3230
1265 3500
2088 1265
2088 330
2996 4621
2996 2088
865 402
865 2996
3926 3204
3926 865
1374 1961
1374 3926
1558 3025
1558 1374
934 4677
934 1558
4148 934
4148 1319
3421 4237
3421 4148
3712 3421
3712 1345
3455 3712
3455 1579
1471 562
1471 3455
1377 1683
1377 1471
903 322
903 1377
1827 427
1827 903
685 1678
685 1827
272 2102
272 685
4276 272
4276 4646
1909 4276
1909 4548
2178 1909
2178 159
3815 2178
3815 275
314 3815
314 4242
4084 234
4084 314
2972 4084
2972 2339
134 2972
134 1889
4305 134
4305 1541
4291 4305
4291 2185
1000 4291
1000 2514
3261 264
3261 1000
3525 3261
3525 3481
1525 3525
1525 1418
1720 368
1720 1525
3742 1720
3742 3664
707 4444
707 3742
4555 707
4555 2484
4080 610
4080 4555
1081 4080
1081 3459
4212 1081
4212 2682
1308 4212
1308 4757
85 1308
85 1278
4745 2699
4745 85
3281 881
3281 4745
4217 291
4217 3281
4764 4217
4764 1881
2221 2695
2221 4764
1534 1447
1534 2221
3432 2768
3432 1534
3714 2448
3714 3432
456 3714
456 1218
4665 456
4665 3977
3971 4665
3971 900
1691 3971
1691 2440
3181 1122
3181 1691
2200 4889
2200 3181
2 2200
2 3953
2836 2
2836 4229
3920 153
3920 2836
4833 267
4833 3920
741 4833
741 2401
2163 741
2163 2435
2266 2163
2266 3994
4790 2266
4790 106
2186 4790
2186 4965
4061 640
4061 2186
483 688
483 4061
3028 483
3028 425
4081 4735
4081 3028
880 4081
880 1874
1532 703
1532 880
1826 23
1826 1532
772 1826
772 3610
3118 772
3118 4449
121 787
121 3118
3344 121
3344 4975
191 227
191 3344
2866 191
2866 533
3296 4459
3296 2866
3533 4769
3533 3296
3153 123
3153 3533
2966 3153
2966 2119
1718 2966
1718 4671
1146 2998
1146 1718
3416 1146
3416 3958
557 3699
557 3416
4869 1803
4869 557
3552 4869
3552 1245
319 3552
319 2129
3753 1281
3753 319
3141 2457
3141 3753
4808 2936
4808 3141
4383 4601
4383 4808
4466 4383
4466 3158
3984 1455
3984 4466
1061 3984
1061 4783
2146 1061
2146 3989
179 2146
179 130
2223 179
2223 2291
1785 2223
1785 4089
3912 1785
3912 1280
4610 1248
4610 3912
3428 3405
3428 4610
3642 3428
3642 455
2608 440
2608 3642
4191 4092
4191 2608
454 4191
454 3653
3887 454
3887 3904
352 1782
352 3887
1695 1650
1695 352
3999 1695
3999 448
4959 1453
4959 3999
3414 4959
3414 3503
1170 1828
1170 3414
2487 1170
2487 1287
708 1725
708 2487
512 708
512 2723
1075 512
1075 374
3130 4007
3130 1075
1195 4426
1195 3130
183 1195
183 3041
1928 3121
1928 183
1818 1928
1818 1563
1939 4060
1939 1818
2384 1939
2384 2366
3422 2880
3422 2384
3957 3422
3957 2131
1868 3957
1868 2347
3143 1868
3143 198
3235 4768
3235 3143
4168 3235
4168 4582
4793 4390
4793 4168
3111 4793
3111 1902
4033 3111
4033 748
3869 4033
3869 4944
4322 3869
4322 815
208 4322
208 4021
3918 3581
3918 208
4534 3918
4534 1235
3189 1054
3189 4534
1161 3822
1161 3189
4236 4851
4236 1161
752 783
752 4236
3673 752
3673 4209
2724 164
2724 3673
3288 2724
3288 2201
3979 3288
3979 1283
1953 4821
1953 3979
3906 1953
3906 1834
693 3906
693 3596
2343 3878
2343 693
4587 780
4587 2343
758 2283
758 4587
2145 3772
2145 758
4551 4870
4551 2145
1047 2820
1047 4551
221 1047
221 575
387 221
387 1686
2011 387
2011 2106
1136 128
1136 2011
2434 3471
2434 1136
4165 2434
4165 4596
4070 2981
4070 4165
4842 325
4842 4070
3200 1493
3200 4842
4111 2617
4111 3200
2147 4111
2147 2955
4540 3930
4540 2147
3157 3018
3157 4540
2644 2367
2644 3157
3355 2644
3355 1073
3530 817
3530 3355
4194 3530
4194 3385
175 4339
175 4194
397 175
397 1495
3379 2707
3379 397
1852 3379
1852 4372
943 1852
943 1836
2931 943
2931 3256
4706 2333
4706 2931
649 43
649 4706
390 649
390 3790
4507 390
4507 1877
4300 3921
4300 4507
333 4300
333 1340
350 333
350 878
447 2289
447 350
933 3927
933 447
4728 2243
4728 933
4668 3916
4668 4728
1318 4337
1318 4668
4539 1318
4539 4905
4042 4520
4042 4539
2747 4042
2747 4794
151 1662
151 2747
4150 151
4150 2301
4940 4592
4940 4150
3523 2486
3523 4940
505 643
505 3523
1820 505
1820 114
1243 4922
1243 1820
1855 1243
1855 1947
1709 2004
1709 1855
1239 1709
1239 2192
2626 2458
2626 1239
3840 1518
3840 2626
3748 4085
3748 3840
4688 2890
4688 3748
286 694
286 4688
3931 286
3931 3394
1364 1206
1364 3931
3318 961
3318 1364
2202 3077
2202 3318
4560 2290
4560 2202
4192 4560
4192 4589
399 4474
399 4192
2822 1519
2822 399
3740 2822
3740 3180
4689 3740
4689 3397
561 3577
561 4689
3366 561
3366 986
3584 4031
3584 3366
3048 3294
3048 3584
1148 3048
1148 549
4256 848
4256 1148
1062 2698
1062 4256
3021 492
3021 1062
2327 4836
2327 3021
231 2327
231 2358
4802 231
4802 4684
754 2041
754 4802
778 754
778 420
3688 4234
3688 778
2851 1480
2851 3688
2502 2421
2502 2851
1710 2502
1710 3542
2087 1710
2087 1794
1446 2087
1446 138
4058 1446
4058 4948
3364 4058
3364 3006
3052 4577
3052 3364
1948 202
1948 3052
728 3301
728 1948
1214 728
1214 2808
3592 1214
3592 2825
3781 3592
3781 68
3004 3248
3004 3781
2420 3004
2420 1641
4301 856
4301 2420
4454 2409
4454 4301
1600 4454
1600 3651
4351 1600
4351 644
4265 4351
4265 3029
4198 776
4198 4265
3358 2179
3358 4198
3924 3358
3924 2481
2605 3551
2605 3924
4996 205
4996 2605
3277 2281
3277 4996
226 3277
226 3114
2635 3894
2635 226
2477 2635
2477 2094
1153 3539
1153 2477
490 1153
490 4892
3936 4429
3936 490
970 2672
970 3936
3608 970
3608 413
4460 3608
4460 4064
3 4746
3 4460
3730 3
3730 4477
602 3730
602 4068
2114 602
2114 297
1873 401
1873 2114
3426 4127
3426 1873
2581 4367
2581 3426
379 4257
379 2581
1215 379
1215 4045
1115 1215
1115 2754
2297 1115
2297 548
1190 1084
1190 2297
3034 1489
3034 1190
4604 3034
4604 3524
4131 3146
4131 4604
54 4131
54 2988
1530 54
1530 3625
2184 1530
2184 2852
2523 2184
2523 894
3939 1437
3939 2523
2569 2400
2569 3939
543 1512
543 2569
2876 2076
2876 543
1896 2285
1896 2876
1763 1896
1763 2585
3654 1763
3654 1699
1039 3654
1039 4415
2361 4116
2361 1039
3700 2940
3700 2361
4264 3700
4264 398
4210 1780
4210 4264
718 3155
718 4210
2118 2530
2118 718
3919 2022
3919 2118
4805 1306
4805 3919
3766 4805
3766 4442
2990 2298
2990 3766
147 2828
147 2990
3886 755
3886 147
4388 3297
4388 3886
4169 1796
4169 4388
551 4169
551 3708
4142 551
4142 2170
4997 2391
4997 4142
3727 4997
3727 1595
2093 3998
2093 3727
4927 1983
4927 2093
4921 3162
4921 4927
3326 4921
3326 3027
3975 2758
3975 3326
48 3975
48 3778
2771 48
2771 4202
1500 4515
1500 2771
4822 3080
4822 1500
3973 2286
3973 4822
4041 960
4041 3973
2524 4041
2524 3350
2156 2524
2156 1731
646 2156
646 3529
3719 646
3719 3378
3873 3443
3873 3719
4636 3873
4636 3499
1098 4636
1098 4775
3493 3284
3493 1098
1813 3493
1813 1014
2840 2883
2840 1813
4923 2097
4923 2840
3371 4923
3371 3805
3764 3371
3764 1984
3024 484
3024 3764
486 3024
486 3474
2864 486
2864 2646
2254 2864
2254 811
3452 2731
3452 2254
408 1256
408 3452
1048 408
1048 4178
4152 1048
4152 3105
1429 4152
1429 2431
3798 1675
3798 1429
2166 3798
2166 2377
4318 2166
4318 2234
2621 189
2621 4318
1533 1507
1533 2621
4420 1533
4420 204
1294 4420
1294 4788
3134 4977
3134 1294
1676 2510
1676 3134
4213 1676
4213 1128
2704 1824
2704 4213
4630 2512
4630 2704
4819 4630
4819 418
3874 4819
3874 429
1272 3874
1272 501
1966 1272
1966 4980
2460 1966
2460 619
3332 2460
3332 1094
299 1869
299 3332
73 299
73 3246
4558 4633
4558 73
2379 4558
2379 3287
4470 1117
4470 2379
4393 919
4393 4470
2623 4393
2623 2567
329 1221
329 2623
4029 2705
4029 329
2015 1209
2015 4029
3656 691
3656 2015
4723 3656
4723 2634
3519 4723
3519 3115
869 3519
869 2052
214 869
214 3970
1566 214
1566 2517
3598 1566
3598 3870
3871 3598
3871 139
3343 1063
3343 3871
2885 3343
2885 1671
3073 2885
3073 3436
2326 2474
2326 3073
4543 3367
4543 2326
2380 1551
2380 4543
2392 1501
2392 2380
2991 2392
2991 1466
1950 2991
1950 1567
827 1950
827 1924
438 1251
438 827
1432 438
1432 4503
4572 1432
4572 3190
524 4572
524 2264
3213 2187
3213 524
4048 3213
4048 4215
3201 4048
3201 523
2546 4174
2546 3201
1131 2546
1131 2162
3410 284
3410 1131
1844 3410
1844 3222
2727 1844
2727 2690
4702 2727
4702 4011
4861 4702
4861 1274
1277 4861
1277 2733
1611 1277
1611 4599
2432 1611
2432 3209
3744 2432
3744 157
92 2161
92 3744
4888 92
4888 4195
285 4888
285 4306
4024 4206
4024 285
747 1560
747 4024
2453 405
2453 747
1627 2453
1627 739
4978 2047
4978 1627
2838 1890
2838 4978
814 2838
814 3948
2267 814
2267 2543
3365 2267
3365 2967
1045 3365
1045 1338
51 836
51 1045
757 1086
757 51
2273 757
2273 384
2138 2273
2138 4063
4269 3603
4269 2138
1065 4269
1065 4211
2450 1065
2450 3036
4673 3933
4673 2450
3671 4132
3671 4673
276 834
276 3671
4864 276
4864 2607
3061 4864
3061 422
4164 3061
4164 4648
2753 4164
2753 3838
4776 2753
4776 3982
4674 3616
4674 4776
1588 4674
1588 3442
3117 4289
3117 1588
3631 2130
3631 3117
1167 990
1167 3631
3736 1085
3736 1167
678 1307
678 3736
1962 3841
1962 678
2992 1962
2992 1888
4128 2992
4128 751
2942 2143
2942 4128
1837 3821
1837 2942
1822 1837
1822 4013
852 2459
852 1822
4522 4313
4522 852
1012 4522
1012 2213
1145 1012
1145 2080
667 2389
667 1145
1463 2263
1463 667
1031 1463
1031 288
2190 1031
2190 3624
2005 3354
2005 2190
2787 950
2787 2005
3563 1111
3563 2787
1325 3836
1325 3563
2427 2717
2427 1325
11 4727
11 2427
4995 11
4995 3406
495 4995
495 2168
4324 495
4324 4032
2572 4324
2572 21
2629 2572
2629 353
4354 2167
4354 2629
274 4354
274 464
2837 274
2837 4218
4366 2963
4366 2837
3514 4530
3514 4366
717 1846
717 3514
4079 717
4079 2901
4786 899
4786 4079
1133 4536
1133 4786
3441 72
3441 1133
3658 3441
3658 2150
3987 3658
3987 2744
854 2107
854 3987
623 612
623 854
1865 623
1865 1261
142 1865
142 3952
3495 3527
3495 142
4743 3495
4743 154
3885 4743
3885 2397
4253 1781
4253 3885
952 4253
952 3460
169 952
169 60
618 2763
618 169
4710 618
4710 10
344 4710
344 4314
2295 627
2295 344
1772 2295
1772 3122
4950 1772
4950 743
3755 626
3755 4950
3183 3755
3183 506
4369 1559
4369 3183
3677 1346
3677 4369
1189 3677
1189 2287
1242 3195
1242 1189
340 1886
340 1242
2573 340
2573 4297
2854 3387
2854 2573
3905 3513
3905 2854
3962 1949
3962 3905
2265 2016
2265 3962
4302 2265
4302 4911
3265 4302
3265 4363
1328 3265
1328 1682
1904 1328
1904 2275
1647 1904
1647 1698
3789 1647
3789 335
591 3789
591 2117
1742 2755
1742 591
833 1742
833 1320
3915 833
3915 979
722 3915
722 2191
3771 959
3771 722
3770 3771
3770 3697
1102 3770
1102 2224
201 1102
201 3323
1087 201
1087 593
2713 2498
2713 1087
1264 3291
1264 2713
3446 781
3446 1264
349 3446
349 1317
1548 349
1548 3854
469 1548
469 4330
2657 469
2657 2182
4896 2657
4896 2761
1802 4896
1802 1960
2814 1802
2814 3377
3944 2461
3944 2814
2734 3944
2734 4498
1539 2734
1539 4343
2926 1539
2926 4175
233 4733
233 2926
1974 233
1974 2268
3382 1974
3382 684
1752 3382
1752 1041
3516 1752
3516 3643
3672 893
3672 3516
3812 1135
3812 3672
2374 3812
2374 4816
381 2439
381 2374
3585 3779
3585 381
458 3585
458 1422
4494 969
4494 458
4262 1043
4262 4494
1181 4262
1181 2050
1976 4945
1976 1181
53 2127
53 1976
2035 2968
2035 53
4122 1946
4122 2035
2915 1330
2915 4122
35 1499
35 2915
2651 3390
2651 35
98 2651
98 2743
3089 98
3089 962
988 3089
988 3711
3717 988
3717 777
3518 1786
3518 3717
4016 1114
4016 3518
1755 3137
1755 4016
1778 3440
1778 1755
2648 1778
2648 4823
4586 2648
4586 4370
1616 168
1616 4586
2586 4533
2586 1616
3716 4382
3716 2586
620 3716
620 791
3017 620
3017 1583
3308 4110
3308 3017
4208 3308
4208 4012
918 4208
918 1178
75 918
75 677
1932 75
1932 3477
3839 1932
3839 2718
1397 3839
1397 4458
3983 1397
3983 1715
4666 1172
4666 3983
867 4071
867 4666
122 4299
122 867
2561 122
2561 172
4913 2561
4913 4557
4267 760
4267 4913
3482 1188
3482 4267
4994 1475
4994 3482
270 571
270 4994
1038 270
1038 3400
910 3932
910 1038
4102 4926
4102 910
810 4102
810 377
2680 3412
2680 810
1147 2680
1147 1972
1770 1147
1770 3127
1204 2504
1204 1770
1964 4902
1964 1204
3925 1964
3925 2871
1613 2454
1613 3925
3012 4350
3012 1613
140 3012
140 343
4046 140
4046 4638
86 3575
86 4046
942 86
942 2969
2067 942
2067 3640
3418 3694
3418 2067
2013 3418
2013 2772
2941 3191
2941 2013
1366 1712
1366 2941
181 1366
181 87
1756 309
1756 181
258 1860
258 1756
838 258
838 1707
1643 1862
1643 838
831 472
831 1643
3032 831
3032 3063
3808 3032
3808 4645
1523 3808
1523 3102
4564 1523
4564 17
4225 4564
4225 171
4008 4225
4008 1207
388 729
388 4008
1619 805
1619 388
1275 1619
1275 4747
756 2742
756 1275
4294 756
4294 1526
1638 4294
1638 1074
1141 1638
1141 1821
1753 1141
1753 2446
1431 1753
1431 4815
2749 1431
2749 3274
3526 4100
3526 2749
173 3526
173 4345
4252 173
4252 2518
2709 4252
2709 4034
4359 2270
4359 2709
217 4359
217 3068
2628 143
2628 217
4062 2628
4062 1670
3857 1203
3857 4062
528 3857
528 2774
1332 528
1332 3846
2694 1332
2694 1097
4163 2694
4163 2433
1144 4163
1144 4015
531 4644
531 1144
1436 531
1436 4271
393 1436
393 1721
1944 393
1944 1228
3334 2756
3334 1944
3059 1882
3059 3334
2720 3059
2720 3399
804 2720
804 1978
860 3774
860 804
3463 860
3463 39
625 4656
625 3463
1634 28
1634 625
3627 800
3627 1634
229 3627
229 3686
2438 2426
2438 229
12 2438
12 924
385 12
385 4968
3842 3268
3842 385
132 2357
132 3842
4348 3724
4348 132
2036 4335
2036 4348
868 4107
868 2036
769 1779
769 868
4672 1590
4672 769
3876 4672
3876 3347
282 4186
282 3876
2260 282
2260 3535
2105 3723
2105 2260
2010 1476
2010 2105
2250 2010
2250 2194
4304 2250
4304 3985
820 3972
820 4304
1376 3470
1376 820
939 3576
939 1376
2783 939
2783 4476
592 2220
592 2783
1797 3430
1797 592
2340 1797
2340 624
2165 2673
2165 2340
1556 2165
1556 3834
367 1556
367 546
503 3317
503 367
2687 503
2687 985
2018 750
2018 2687
360 2018
360 2227
1018 360
1018 1694
511 1018
511 2328
361 511
361 2917
3940 361
3940 3282
1915 3940
1915 4057
2589 1915
2589 4475
1639 2589
1639 4954
4845 839
4845 1639
3954 4845
3954 2809
287 3954
287 586
2611 287
2611 1402
1901 2548
1901 2611
3178 1901
3178 4635
4419 2259
4419 3178
1581 4419
1581 2048
2095 2980
2095 1581
2598 3380
2598 2095
4859 1506
4859 2598
4627 4859
4627 2860
2803 3051
2803 4627
280 2803
280 1173
3662 280
3662 3184
1549 4329
1549 3662
4443 2251
4443 1549
2532 4443
2532 682
4145 3002
4145 2532
257 1995
257 4145
4827 1046
4827 257
3434 4827
3434 1665
4500 1800
4500 3434
4172 6
4172 4500
1348 4172
1348 1284
4528 1348
4528 417
4960 4528
4960 775
1925 4960
1925 4375
980 1231
980 1925
4919 980
4919 1421
1292 3797
1292 4919
2321 1292
2321 652
1258 2321
1258 2938
4439 1258
4439 2229
446 4545
446 4439
877 3348
877 446
4120 1344
4120 877
378 1632
378 4120
567 1469
567 378
4612 3892
4612 567
3060 4612
3060 2997
2577 745
2577 3060
3221 2577
3221 1644
4655 3221
4655 3425
790 4655
790 1341
3488 790
3488 3666
3943 3488
3943 4135
724 3943
724 74
2376 3487
2376 724
4151 4445
4151 2376
493 4151
493 3271
3480 2620
3480 493
37 3480
37 1424
1160 1899
1160 37
1103 3104
1103 1160
2277 1103
2277 2999
2773 2277
2773 648
2815 2237
2815 2773
2496 2815
2496 3341
26 3945
26 2496
1661 26
1661 3335
844 2017
844 1661
1620 2861
1620 844
861 30
861 1620
3211 861
3211 3279
4535 3211
4535 118
3713 467
3713 4535
4002 3713
4002 2989
3276 2630
3276 4002
559 3276
559 127
940 4687
940 559
3710 940
3710 2897
4704 3710
4704 155
955 4704
955 4077
1412 955
1412 2767
2276 1412
2276 4361
3330 1845
3330 2276
1276 3613
1276 3330
1285 1276
1285 93
4504 4006
4504 1285
3307 4504
3307 2197
993 4858
993 3307
4562 993
4562 253
989 4562
989 4325
2615 989
2615 2322
4355 2615
4355 4083
3381 2786
3381 4355
2084 1550
2084 3381
3549 1673
3549 2084
3505 3732
3505 3549
2116 3505
2116 1409
3674 2116
3674 4310
2746 4908
2746 3674
1314 4109
1314 2746
2245 1314
2245 4171
1435 2245
1435 676
2133 1435
2133 2896
3476 4455
3476 2133
4714 3587
4714 3476
2274 806
2274 4714
604 2274
604 3075
4766 1291
4766 604
1989 4766
1989 4182
4846 1989
4846 3241
3163 2913
3163 4846
1288 1165
1288 3163
4524 1979
4524 1288
866 7
866 4524
1238 866
1238 4546
4798 2412
4798 1238
400 1413
400 4798
4123 400
4123 789
1879 4123
1879 2529
622 1879
622 1854
1033 3578
1033 622
1577 1905
1577 1033
1011 1577
1011 689
3450 1011
3450 4886
2862 4188
2862 3450
2777 3064
2777 2862
1544 2777
1544 2411
1629 105
1629 1544
3468 1629
3468 1072
375 706
375 3468
2279 375
2279 2012
232 4796
232 2279
407 232
407 1401
584 2403
584 407
2906 3193
2906 584
1734 2906
1734 358
1553 2416
1553 1734
2372 671
2372 1553
842 2372
842 1988
3837 1032
3837 842
4196 1823
4196 3837
2855 1419
2855 4196
3462 2855
3462 2526
1107 3462
1107 313
818 1107
818 3676
508 818
508 2271
481 1473
481 508
569 1954
569 481
389 4657
389 569
2821 347
2821 389
473 3657
473 2821
4721 473
4721 2812
2916 42
2916 4721
2701 421
2701 2916
520 2701
520 3166
2406 520
2406 3937
1513 2406
1513 4843
864 4751
864 1513
1196 864
1196 4712
2677 1906
2677 1196
2600 2677
2600 2323
4952 1749
4952 2600
3194 4952
3194 3071
396 3194
396 4250
3960 2732
3960 396
3963 3478
3963 3960
2592 3963
2592 3830
4129 2592
4129 4957
4009 4129
4009 3891
3848 4009
3848 4711
1220 3848
1220 1355
3216 1726
3216 1220
1358 3681
1358 3216
3893 1358
3893 2702
416 3133
416 3893
4056 416
4056 294
1573 3618
1573 4056
2614 1910
2614 1573
2070 2614
2070 3820
539 2070
539 4365
3473 539
3473 2296
4693 3473
4693 2549
4073 4693
4073 4971
3852 3956
3852 4073
2793 1914
2793 3852
3220 507
3220 2793
1343 3220
1343 237
1876 504
1876 1343
4226 1876
4226 607
3290 888
3290 4226
4328 2645
4328 3290
958 4328
958 4552
1991 958
1991 1071
3302 1991
3302 451
537 1808
537 3302
2123 4676
2123 537
1396 3014
1396 2123
1769 1396
1769 3670
1791 1769
1791 4597
2599 4479
2599 1791
4698 4344
4698 2599
3391 4698
3391 58
1478 3391
1478 4758
3769 3861
3769 1478
1070 3769
1070 433
2456 2553
2456 1070
4946 2456
4946 1349
4550 2314
4550 4946
4281 2482
4281 4550
2135 4281
2135 3232
1569 2135
1569 2497
759 2241
759 1569
849 2092
849 759
3856 849
3856 2499
1833 3483
1833 3856
891 1833
891 1663
4412 744
4412 891
909 2993
909 4412
1415 2365
1415 909
4966 1415
4966 727
3289 4146
3289 4966
3560 1126
3560 3289
4681 957
4681 3560
1416 2335
1416 4681
4772 863
4772 1416
565 1315
565 4772
2603 3225
2603 565
1658 2905
1658 2603
4430 4680
4430 1658
4179 3124
4179 4430
4904 509
4904 4179
2309 4904
2309 1444
3106 2309
3106 3990
2653 3106
2653 2249
3626 2653
3626 1654
359 1426
359 3626
2158 359
2158 2636
4287 2158
4287 3738
2850 4287
2850 1545
301 2850
301 190
2676 782
2676 301
2387 2676
2387 2703
1163 2387
1163 1959
1554 4986
1554 1163
1737 4414
1737 1554
4066 1737
4066 2570
715 4066
715 2058
4580 841
4580 715
4873 4580
4873 2779
1596 4873
1596 4938
160 711
160 1596
2479 160
2479 2449
3107 1993
3107 2479
1443 4614
1443 3107
346 1443
346 1176
4303 346
4303 3739
1819 4303
1819 2665
4667 2424
4667 1819
1334 4667
1334 1492
4447 4983
4447 1334
871 2511
871 4447
1411 560
1411 871
2652 532
2652 1411
3759 2652
3759 4899
3567 3759
3567 2310
1672 3567
1672 4749
1058 3860
1058 1672
2136 131
2136 1058
4941 2404
4941 2136
4373 4941
4373 2937
310 4373
310 2536
2072 310
2072 1603
96 2072
96 2139
2028 96
2028 3013
2654 2028
2654 4556
4801 2654
4801 1510
1790 4801
1790 2189
1290 1790
1290 2370
2236 1290
2236 4970
3359 2236
3359 185
1985 3228
1985 3359
2470 3929
2470 1985
1496 2470
1496 1022
4584 2853
4584 1496
2445 2519
2445 4584
4140 2445
4140 3072
3331 4140
3331 4883
2430 4806
2430 3331
3173 2430
3173 826
1199 2843
1199 3173
4417 2799
4417 1199
4392 1379
4392 4417
914 4392
914 1410
518 3968
518 914
797 177
797 518
913 4456
913 797
3707 913
3707 4270
4495 3707
4495 1705
4916 2791
4916 4495
4268 4321
4268 4916
4780 4268
4780 3438
2500 4780
2500 1883
2829 1347
2829 2500
4428 2829
4428 2082
796 4428
796 3083
1931 796
1931 3818
4472 1931
4472 1847
3298 4472
3298 3746
3110 3648
3110 3298
44 3110
44 4311
3151 44
3151 1483
2466 4875
2466 3151
1646 2466
1646 419
4004 2244
4004 1646
2725 3345
2725 4004
3132 57
3132 2725
4974 3132
4974 2331
192 1761
192 4974
3865 192
3865 1811
570 2995
570 3865
653 570
653 2468
3947 653
3947 4541
4082 1224
4082 3947
603 1700
603 4082
216 4756
216 603
3067 3899
3067 216
3285 3067
3285 4259
394 2610
394 3285
1757 394
1757 3237
434 1757
434 1227
4696 434
4696 3705
3882 4696
3882 712
1060 3882
1060 4505
1996 2757
1996 1060
614 1247
614 1996
1368 614
1368 1372
4203 318
4203 1368
1030 4203
1030 4642
2911 1030
2911 2423
1999 2073
1999 2911
415 1999
415 1129
830 415
830 4863
547 830
547 2952
2919 4987
2919 547
1628 3741
1628 2919
695 1628
695 4791
2869 4112
2869 695
3217 2891
3217 2869
3639 3217
3639 2729
61 3639
61 595
252 3456
252 61
931 3582
931 252
3070 4762
3070 931
2765 3070
2765 1323
3019 1092
3019 2765
1856 3019
1856 141
3372 1856
3372 3745
1738 1542
1738 3372
4982 1764
4982 1738
3602 4982
3602 698
4184 3602
4184 1010
3510 3147
3510 4184
3811 3510
3811 4640
4654 3811
4654 4376
4835 2212
4835 4654
3537 2003
3537 4835
3601 3537
3601 3415
2233 3601
2233 2246
3825 2233
3825 1829
1068 2386
1068 3825
2352 339
2352 1068
1234 84
1234 2352
2679 431
2679 1234
4574 2639
4574 2679
2195 3126
2195 4574
4334 3245
4334 2195
663 4334
663 994
3729 2655
3729 663
4716 3729
4716 4491
4951 1717
4951 4716
1353 2957
1353 4951
1857 3558
1857 1353
3152 3055
3152 1857
3762 1681
3762 3152
4605 3762
4605 2173
1336 4605
1336 336
1640 2464
1640 1336
2226 1640
2226 4824
3388 657
3388 2226
2716 3388
2716 135
4637 2716
4637 2492
1324 406
1324 4637
2230 4639
2230 1324
2945 3695
2945 2230
1838 2945
1838 243
4279 2394
4279 1838
3775 1517
3775 4279
4803 3775
4803 1342
577 4803
577 4342
2418 4099
2418 577
3356 2418
3356 587
971 3356
971 4159
2811 1380
2811 971
3093 2811
3093 2903
4878 4909
4878 3093
793 4878
793 2091
2859 4961
2859 793
4251 2859
4251 474
3538 4251
3538 4701
1936 4514
1936 3538
1394 1936
1394 1593
1911 1394
1911 4583
4065 1776
4065 1911
2660 4732
2660 4065
749 2660
749 2983
2350 749
2350 1198
4247 2350
4247 3172
4307 922
4307 4247
108 4307
108 59
1186 108
1186 395
2342 1186
2342 1392
2216 4261
2216 2342
3260 260
3260 2216
3609 3260
3609 2204
3210 1253
3210 3609
8 3210
8 65
987 2659
987 8
2710 987
2710 3628
2631 2710
2631 2490
46 2631
46 1293
328 2781
328 46
2796 328
2796 1793
2750 2796
2750 3316
1007 2537
1007 2750
4035 1007
4035 129
2369 4814
2369 4035
1938 1229
1938 2369
4482 1938
4482 1887
2977 4482
2977 4231
550 2977
550 3453
62 550
62 2959
3053 62
3053 2802
3787 3053
3787 369
2248 925
2248 3787
2583 998
2583 2248
3606 321
3606 2583
1598 3606
1598 4675
2565 1598
2565 4054
732 2565
732 2149
332 2696
332 732
4000 3050
4000 332
1945 4000
1945 601
4813 2956
4813 1945
710 675
710 4813
223 835
223 710
1777 1474
1777 223
1099 855
1099 1777
3531 1099
3531 2444
2465 4228
2465 3531
1482 2465
1482 4707
1587 1482
1587 1479
1767 1587
1767 2302
889 1106
889 1767
2929 4074
2929 889
2597 2929
2597 2354
3398 2597
3398 4609
3571 3398
3571 1591
1508 206
1508 3571
1941 1508
1941 3031
1926 1941
1926 3655
4571 1926
4571 923
977 2410
977 4571
3858 1119
3858 977
4779 2902
4779 3858
631 3342
631 4779
3312 631
3312 2222
3532 3312
3532 4493
2741 2218
2741 3532
4705 4340
4705 2741
295 4705
295 1408
713 248
713 295
220 713
220 2325
4581 4726
4581 220
3793 4581
3793 475
1125 536
1125 3793
2090 1125
2090 4903
4828 2090
4828 4450
3561 4448
3561 4828
3101 3561
3101 107
1200 4715
1200 3101
3119 1249
3119 1200
2494 3119
2494 879
3829 2494
3829 1929
2169 4473
2169 3829
3599 937
3599 2169
1521 3448
1521 3599
3685 4433
3685 1521
967 3685
967 4406
3901 967
3901 3992
4825 1684
4825 3901
4658 4825
4658 296
2055 4453
2055 4658
1205 2055
1205 133
357 3369
357 1205
4431 357
4431 1077
4026 4431
4026 2593
3328 1091
3328 4026
195 3328
195 261
3219 1861
3219 195
2527 3544
2527 3219
4740 2527
4740 2083
3492 1201
3492 4740
2602 3492
2602 4093
180 4224
180 2602
4999 180
4999 858
2225 4999
2225 4273
1748 2225
1748 2307
3800 4887
3800 1748
3238 3800
3238 4319
4774 3238
4774 2835
1621 2545
1621 4774
808 2280
808 1621
3339 1191
3339 808
2506 2576
2506 3339
2914 2506
2914 2148
1208 2914
1208 3767
3458 1208
3458 4341
1814 3458
1814 4260
2364 1814
2364 2688
731 1515
731 2364
3546 2661
3546 731
1042 1711
1042 3546
4742 3164
4742 1042
3411 4742
3411 4483
701 3411
701 230
345 701
345 3934
2109 345
2109 2099
3098 3444
3098 2109
1494 3098
1494 1312
4230 1494
4230 700
882 4884
882 4230
2578 3512
2578 882
1664 2578
1664 4496
968 1664
968 3583
3447 4741
3447 968
247 1490
247 3447
3144 247
3144 1370
3413 3144
3413 3760
4854 3413
4854 2153
1649 4854
1649 67
432 1649
432 1536
1703 432
1703 4914
2893 656
2893 1703
579 3090
579 2893
1157 579
1157 4606
3949 1157
3949 4275
426 3949
426 1139
1445 1013
1445 426
2480 1445
2480 3293
2045 2480
2045 3250
240 2045
240 4511
1118 79
1118 240
165 1884
165 1118
2422 2907
2422 165
2557 4201
2557 2422
4137 2557
4137 4346
1450 4137
1450 4130
1331 1450
1331 3486
4810 1331
4810 1213
2987 4810
2987 767
442 2987
442 3735
436 1528
436 442
1053 436
1053 5
2591 746
2591 1053
3392 1908
3392 2591
948 553
948 3392
496 4490
496 948
3615 496
3615 2764
1461 609
1461 3615
1400 1461
1400 2730
2848 2932
2848 1400
1740 150
1740 2848
203 683
203 1740
4204 4087
4204 203
4781 4204
4781 4593
3081 4752
3081 4781
470 3022
470 3081
2625 470
2625 1021
4090 807
4090 2625
2751 4481
2751 4090
3638 3320
3638 2751
1371 500
1371 3638
3623 1371
3623 647
3540 4554
3540 3623
2134 4235
2134 3540
4078 304
4078 2134
452 4078
452 4489
4826 283
4826 452
3951 4826
3951 529
2029 2417
2029 3951
1564 2029
1564 3340
1602 1171
1602 1564
2060 4607
2060 1602
3650 1434
3650 2060
2870 687
2870 3650
4207 4713
4207 2870
2619 3451
2619 4207
331 1050
331 2619
4141 348
4141 331
311 4141
311 2152
628 311
628 1801
3497 4435
3497 628
3853 4108
3853 3497
1624 3853
1624 1615
3357 1624
3357 1687
4232 3357
4232 2305
445 3511
445 4232
2622 445
2622 2501
2495 721
2495 2622
3484 2495
3484 1784
2475 2324
2475 3484
1656 2475
1656 828
2137 1656
2137 3498
2111 2137
2111 3614
4282 3888
4282 2111
2949 4939
2949 4282
3884 1562
3884 2949
3169 3884
3169 2515
3123 2766
3123 3169
29 289
29 3123
637 29
637 2642
441 637
441 3039
211 1066
211 441
1233 211
1233 4857
4736 1233
4736 2714
2115 4736
2115 4598
3437 2115
3437 2051
3170 4183
3170 3437
2089 1994
2089 3170
655 1719
655 2089
1815 2128
1815 655
1477 1815
1477 2503
3877 651
3877 1477
3715 3877
3715 930
3086 64
3086 3715
3116 3889
3116 3086
2830 3267
2830 3116
3704 4362
3704 2830
673 2844
673 3704
20 3087
20 673
170 20
170 1259
568 170
568 3698
4777 4559
4777 568
1029 4777
1029 792
2933 3845
2933 1029
1895 2933
1895 2739
3633 1895
3633 2393
1244 3633
1244 4155
2210 1244
2210 2813
2912 1132
2912 2210
4615 2841
4615 2912
4570 4615
4570 4469
1365 4570
1365 1305
1250 585
1250 1365
4860 1617
4860 1250
4397 4860
4397 2689
2452 4005
2452 4397
4158 3595
4158 2452
4537 4158
4537 3802
4531 3026
4531 4537
1652 4531
1652 4480
1389 1652
1389 4848
1894 2556
1894 1389
1194 1894
1194 4523
97 3908
97 1194
951 97
951 2541
632 951
632 4180
2284 632
2284 4917
453 2284
453 3809
4309 736
4309 453
4634 4309
4634 4055
3479 4634
3479 2745
49 4765
49 3479
4502 49
4502 1375
4850 4502
4850 4434
2895 4850
2895 4223
3788 2895
3788 3974
645 4838
645 3788
3037 40
3037 645
4401 3037
4401 2663
4600 4401
4600 2816
1679 4600
1679 2183
2338 1679
2338 3033
4856 2338
4856 2994
1592 4856
1592 1651
3641 1592
3641 2154
1310 3641
1310 735
112 1310
112 4956
136 2253
136 112
2899 136
2899 4989
52 2899
52 4855
1891 52
1891 2049
4518 2056
4518 1891
1863 4972
1863 4518
4295 1863
4295 2719
3675 4295
3675 898
2030 4934
2030 3675
3550 3449
3550 2030
2021 3550
2021 2429
210 2021
210 4868
3466 2311
3466 210
670 3863
670 3466
3917 1301
3917 670
3782 1981
3782 3917
1655 3782
1655 3507
4891 3370
4891 1655
2834 4233
2834 4891
672 2371
672 2834
3099 672
3099 3955
3273 2711
3273 3099
152 3273
152 2258
3959 152
3959 3082
1350 4647
1350 3959
1049 1350
1049 3645
634 1049
634 3938
1538 634
1538 3431
3823 3604
3823 1538
1848 3823
1848 2740
1773 1848
1773 3185
613 2831
613 1773
1398 613
1398 149
2649 3862
2649 1398
1992 2649
1992 4214
3935 1383
3935 1992
182 3679
182 3935
1069 2081
1069 182
3680 1069
3680 552
4017 3780
4017 3680
290 2737
290 4017
1452 2522
1452 290
2594 184
2594 1452
3703 2594
3703 2930
4682 3851
4682 3703
2359 4682
2359 305
3457 3634
3457 2359
1918 4162
1918 3457
103 1407
103 1918
3515 103
3515 3407
238 200
238 3515
1816 238
1816 2857
3325 3590
3325 1816
76 3325
76 1787
1509 76
1509 1337
376 4153
376 1509
1677 376
1677 4181
115 1677
115 2961
1921 115
1921 2826
3305 1921
3305 2381
813 4839
813 3305
1636 3264
1636 813
630 435
630 1636
4595 3868
4595 630
1059 534
1059 4595
215 1420
215 1059
3652 1356
3652 215
764 3652
764 2683
4928 2616
4928 764
2944 2542
2944 4928
460 2944
460 3249
3586 2065
3586 460
1730 3586
1730 2006
4125 4807
4125 1730
1792 4368
1792 4125
1504 1792
1504 541
2203 4133
2203 1504
268 3564
268 2203
4138 966
4138 268
1967 915
1967 4138
2681 224
2681 1967
3923 4812
3923 2681
4244 3167
4244 3923
1470 4244
1470 2923
3074 1266
3074 1470
3866 3074
3866 3327
2982 3866
2982 1839
3197 2982
3197 921
3867 3197
3867 4890
3010 1527
3010 3867
2566 2971
2566 3010
3993 2566
3993 1427
3409 404
3409 3993
2908 3409
2908 2684
3149 2908
3149 4461
2313 4753
2313 3149
4795 392
4795 2313
4519 4795
4519 3981
1027 4519
1027 4754
3646 1027
3646 1622
716 4760
716 3646
2675 2231
2675 716
2924 2675
2924 271
2304 2924
2304 3299
1543 2304
1543 2476
2697 1543
2697 580
3692 2697
3692 2344
1159 3692
1159 3247
2960 1159
2960 4332
2383 2960
2383 1403
2759 1472
2759 2383
2748 2759
2748 3661
3895 2748
3895 364
1788 1597
1788 3895
1825 1788
1825 4499
2888 100
2888 1825
38 2888
38 765
2272 3259
2272 38
1689 2272
1689 1322
973 1689
973 2282
1222 973
1222 4189
3258 4284
3258 1222
3600 3570
3600 3258
590 3600
590 1930
4724 590
4724 55
4629 4724
4629 545
3647 4629
3647 4101
13 239
13 3647
4028 997
4028 13
2098 3040
2098 4028
1585 2098
1585 3801
3684 1150
3684 1585
1382 3353
1382 3684
4947 1382
4947 298
1768 2818
1768 4947
4694 1768
4694 2785
2351 4694
2351 3872
4220 2351
4220 829
45 4220
45 4239
266 596
266 45
1438 266
1438 538
4424 1438
4424 3207
3062 4424
3062 3362
4506 3062
4506 3978
1089 2009
1089 4506
3404 3139
3404 1089
1943 1987
1943 3404
2205 4817
2205 1943
2485 4136
2485 2205
3605 3253
3605 2485
2575 3079
2575 3605
3044 1108
3044 2575
4759 1701
4759 3044
4380 995
4380 4759
3961 4380
3961 1296
825 1217
825 3961
380 1197
380 825
1674 799
1674 380
1878 1674
1878 4962
3363 1878
3363 4241
2588 3363
2588 2113
1076 2588
1076 1614
3725 1174
3725 1076
2317 2262
2317 3725
4703 2317
4703 819
4513 4936
4513 4703
1576 4050
1576 4513
660 1576
660 981
2332 660
2332 1116
1006 2332
1006 1142
2330 1123
2330 1006
1484 2624
1484 2330
4832 4037
4832 1484
3161 3843
3161 4832
4898 3794
4898 3161
2303 1304
2303 4898
3754 2303
3754 3096
3171 3754
3171 4010
1724 3171
1724 1034
3859 2341
3859 1724
4374 3859
4374 1751
3349 4374
3349 1185
4312 3833
4312 3349
2975 2535
2975 4312
3351 2667
3351 2975
714 2516
714 3351
1871 3520
1871 714
1766 4847
1766 1871
4544 1766
4544 1183
4320 4544
4320 4069
3333 4320
3333 1149
583 798
583 3333
516 583
516 3506
4052 516
4052 1957
2408 876
2408 4052
1110 1187
1110 2408
1458 1110
1458 1973
885 3807
885 1458
2943 2868
2943 885
1688 3565
1688 2943
1101 1688
1101 162
3816 1127
3816 1101
2550 3816
2550 2025
832 2550
832 4725
1361 3649
1361 832
207 4400
207 1361
1864 2939
1864 207
70 1864
70 1017
2199 70
2199 3490
2312 2199
2312 1226
2881 2312
2881 3644
4789 2881
4789 802
725 4789
725 4718
146 725
146 2104
465 146
465 249
4575 465
4575 1498
3000 4575
3000 1867
3607 3819
3607 3000
2100 1184
2100 3607
4338 1448
4338 2100
1912 4739
1912 4338
1990 1912
1990 4277
144 1990
144 3199
102 3504
102 144
3419 102
3419 4094
1840 3419
1840 3227
4669 1840
4669 638
2488 4360
2488 4669
4722 4205
4722 2488
4001 4722
4001 4512
219 3910
219 4001
2437 219
2437 2918
1360 2437
1360 3042
1690 1360
1690 3212
2171 1922
2171 1690
3300 4285
3300 2171
2692 2686
2692 3300
3803 2692
3803 4585
3475 3803
3475 1367
2068 4508
2068 3475
2656 2068
2656 3408
4352 680
4352 2656
119 4352
119 1083
18 119
18 1630
1982 18
1982 3066
1555 2965
1555 1982
2345 3909
2345 1555
581 1240
581 2345
4023 4405
4023 581
265 4573
265 4023
1056 1859
1056 265
2700 1056
2700 1531
2257 2700
2257 2293
3186 2257
3186 4157
3881 742
3881 3186
944 3881
944 4088
4867 3898
4867 944
2043 4867
2043 621
904 2043
904 4590
2395 904
2395 4990
1586 2395
1586 4517
4949 1586
4949 1451
3508 1975
3508 4949
2402 2428
2402 3508
1696 4958
1696 2402
3338 1696
3338 303
1321 3338
1321 1386
2804 1321
2804 974
1919 2804
1919 4617
4622 1105
4622 1919
2555 3591
2555 4622
1557 2174
1557 2555
2865 2946
2865 1557
1693 2865
1693 2671
857 773
857 1693
2042 857
2042 1572
3545 2042
3545 450
845 3545
845 953
3454 845
3454 4626
4167 4643
4167 3454
4030 3005
4030 4167
4177 853
4177 4030
1574 4691
1574 4177
410 3911
410 1574
3850 2947
3850 410
444 312
444 3850
3092 444
3092 2544
4618 3092
4618 2075
2211 4618
2211 4937
2790 2211
2790 720
3617 3254
3617 2790
3997 1481
3997 3617
2334 932
2334 3997
902 2467
902 2334
2878 902
2878 4353
4653 4811
4653 2878
2074 4653
2074 497
1120 1465
1120 2074
2612 1120
2612 4227
3806 2540
3806 2612
2180 1937
2180 3806
3559 2547
3559 2180
1524 3559
1524 4272
1626 4770
1626 1524
1302 1626
1302 517
4170 2132
4170 1302
3016 4170
3016 3160
2368 3967
2368 3016
2157 1774
2157 2368
3233 4717
3233 2157
1303 2817
1303 3233
3383 1723
3383 1303
4912 3383
4912 1082
3085 4912
3085 3113
4357 4738
4357 3085
3914 4357
3914 4547
3517 158
3517 3914
2819 3517
2819 3182
4059 82
4059 2819
2643 161
2643 4059
2762 2643
2762 3395
1968 2762
1968 3827
1917 1968
1917 4907
2398 1917
2398 2125
3278 4485
3278 2398
2877 1540
2877 3278
1236 2877
1236 3202
1001 2039
1001 1236
1952 1001
1952 4755
3691 976
3691 1952
1716 66
1716 3691
3420 1716
3420 3176
4576 3420
4576 1692
2974 4576
2974 2986
2032 1645
2032 2974
1354 3773
1354 2032
1055 1354
1055 145
2658 1055
2658 1088
3311 527
3311 2658
4529 63
4529 3311
2886 1735
2886 4529
4 4664
4 2886
4246 4
4246 4248
2525 639
2525 4246
633 3693
633 2525
1875 2728
1875 633
2925 56
2925 1875
2463 2925
2463 4865
83 3855
83 2463
3035 3270
3035 83
582 3035
582 4871
594 582
594 1977
1511 1637
1511 594
355 4549
355 1511
1885 355
1885 629
3799 1885
3799 1267
3722 4744
3722 3799
4818 2788
4818 3722
4685 4818
4685 1464
2568 4501
2568 4685
2363 666
2363 2568
4565 2363
4565 1485
4969 3337
4969 4565
4893 4440
4893 4969
4166 4893
4166 1743
901 4166
901 2037
4620 901
4620 71
2151 4003
2151 4620
3135 2413
3135 2151
15 3135
15 386
337 4981
337 15
4879 337
4879 1668
4263 4578
4263 4879
3015 4263
3015 2769
4662 3015
4662 2800
3403 3763
3403 4662
1520 3403
1520 4516
3941 462
3941 1520
2360 911
2360 3941
2805 1610
2805 2360
3817 2805
3817 4221
3242 4044
3242 3817
3401 3242
3401 574
2770 1609
2770 3401
2054 2770
2054 457
14 2505
14 2054
99 14
99 3721
1956 3557
1956 99
2489 1956
2489 3635
4249 1257
4249 2489
956 4249
956 4900
2520 956
2520 784
4784 2520
4784 4799
4298 2898
4298 4784
803 936
803 4298
1004 4098
1004 803
4849 3663
4849 1004
2674 4834
2674 4849
91 3205
91 2674
4915 2795
4915 91
2240 1933
2240 4915
4750 4025
4750 2240
1333 1388
1333 4750
2832 1333
2832 1706
4407 2832
4407 983
3103 535
3103 4407
109 3103
109 1155
4881 109
4881 1971
3950 1329
3950 4881
3706 3950
3706 1601
963 2872
963 3706
730 3465
730 963
3226 730
3226 4885
4800 463
4800 3226
2101 4097
2101 4800
2882 2521
2882 2101
4327 1109
4327 2882
2776 4327
2776 912
2001 786
2001 2776
4628 2001
4628 3125
2373 2026
2373 4628
1164 1078
1164 2373
905 1104
905 1164
188 2046
188 905
4785 1369
4785 188
697 873
697 4785
3965 2255
3965 697
2196 3965
2196 2269
194 2196
194 1893
3095 194
3095 4053
1093 1916
1093 3095
4563 1295
4563 1093
2451 4563
2451 4700
27 1112
4258 2451
4258 2031
1112 2849
1112 4258
