2500
1940 289
19 1940
794 19
1559 794
911 1559
1554 911
1585 1554
2084 1585
573 2084
2148 573
2129 2148
985 2129
1319 985
1547 1319
1796 1547
1136 1796
250 1136
1951 250
2391 1951
1119 2391
672 1119
40 672
583 40
2427 583
1835 2427
2203 1835
1812 2203
2240 1812
839 2240
2081 839
1036 2081
1665 1036
501 1665
622 501
991 622
442 991
1269 442
1841 1269
2289 1841
290 2289
1878 290
2493 1878
394 2493
988 394
1661 988
352 1661
1252 352
2251 1252
880 2251
518 880
2500 518
1700 2500
753 1700
222 753
1381 222
667 1381
481 667
2379 481
984 2379
223 984
1076 223
2140 1076
1003 2140
1797 1003
488 1797
652 488
1890 652
120 1890
790 120
1223 790
886 1223
139 886
609 139
226 609
319 226
1894 319
800 1894
2458 800
1167 2458
2161 1167
789 2161
1799 789
56 1799
1142 56
812 1142
101 812
2435 101
498 2435
185 498
2153 185
1007 2153
208 1007
1952 208
1486 1952
1088 1486
2394 1088
2469 2394
2112 2469
1959 2112
1823 1959
2421 1823
705 2421
1574 705
774 1574
163 774
2216 163
1271 2216
156 1271
1069 156
200 1069
1206 200
1087 1206
1795 1087
2410 1795
1787 2410
1707 1787
1531 1707
1563 1531
2438 1563
934 2438
966 934
2309 966
2037 2309
1653 2037
597 1653
613 597
954 613
2178 954
1190 2178
1408 1190
2417 1408
1168 2417
2253 1168
1015 2253
1593 1015
2151 1593
516 2151
1933 516
1174 1933
193 1174
1861 193
1354 1861
135 1354
197 135
58 197
836 58
2095 836
939 2095
1551 939
2170 1551
1056 2170
1831 1056
303 1831
566 303
1988 566
1480 1988
1012 1480
2255 1012
962 2255
2222 962
1926 2222
623 1926
2322 623
755 2322
1469 755
998 1469
2206 998
1183 2206
1589 1183
2163 1589
1524 2163
603 1524
2402 603
1080 2402
1044 1080
585 1044
427 585
2165 427
1449 2165
1664 1449
1050 1664
2027 1050
1578 2027
2337 1578
37 2337
429 37
1867 429
912 1867
149 912
1384 149
104 1384
1543 104
1414 1543
1332 1414
2451 1332
436 2451
965 436
2448 965
1923 2448
453 1923
1958 453
188 1958
1249 188
529 1249
1978 529
1845 1978
1158 1845
1635 1158
945 1635
602 945
1927 602
910 1927
1956 910
1153 1956
2431 1153
1409 2431
890 1409
372 890
1609 372
2030 1609
2246 2030
906 2246
2179 906
414 2179
257 414
2229 257
2439 2229
678 2439
1334 678
2134 1334
1859 2134
406 1859
564 406
710 564
1115 710
1705 1115
1745 1705
158 1745
359 158
232 359
1974 232
2363 1974
778 2363
1198 778
94 1198
740 94
1048 740
2293 1048
485 2293
2288 485
2467 2288
1741 2467
563 1741
1969 563
1679 1969
2196 1679
1128 2196
1806 1128
1575 1806
1159 1575
1241 1159
418 1241
1666 418
2414 1666
1176 2414
432 1176
2434 432
2353 2434
1108 2353
1749 1108
971 1749
1964 971
834 1964
1753 834
1605 1753
1869 1605
1725 1869
2069 1725
75 2069
2350 75
1560 2350
1369 1560
333 1369
2360 333
167 2360
1756 167
2494 1756
21 2494
539 21
1064 539
245 1064
1333 245
1067 1333
1614 1067
2036 1614
1999 2036
2213 1999
1403 2213
373 1403
1728 373
894 1728
480 894
1960 480
1013 1960
1961 1013
604 1961
1929 604
1375 1929
1487 1375
664 1487
423 664
142 423
1360 142
751 1360
2032 751
638 2032
2477 638
1675 2477
2415 1675
2277 2415
720 2277
2022 720
346 2022
210 346
977 210
1052 977
924 1052
2006 924
1668 2006
1028 1668
556 1028
1396 556
1985 1396
1734 1985
1975 1734
875 1975
1453 875
2105 1453
712 2105
1789 712
9 1789
2371 9
2075 2371
368 2075
134 368
1640 134
254 1640
802 254
335 802
2443 335
1122 2443
2263 1122
309 2263
944 309
1791 944
2131 1791
607 2131
1034 607
666 1034
1284 666
419 1284
16 419
2070 16
1433 2070
786 1433
443 786
1925 443
1730 1925
537 1730
831 537
1509 831
1226 1509
741 1226
1557 741
1258 1557
662 1258
1743 662
452 1743
1746 452
2210 1746
1785 2210
249 1785
508 249
1950 508
152 1950
1321 152
2436 1321
110 2436
1669 110
28 1669
311 28
1093 311
2473 1093
36 2473
2385 36
111 2385
1528 111
1173 1528
2047 1173
2235 2047
2498 2235
1362 2498
2447 1362
198 2447
1688 198
1323 1688
1228 1323
1490 1228
151 1490
1499 151
318 1499
440 318
1236 440
1495 1236
1615 1495
1452 1615
1766 1452
1324 1766
979 1324
1463 979
1896 1463
612 1896
1472 612
1733 1472
1851 1733
1724 1851
2378 1724
956 2378
577 956
129 577
2189 129
377 2189
1848 377
1264 1848
1235 1264
1983 1235
668 1983
1166 668
196 1166
967 196
105 967
1582 105
238 1582
1086 238
767 1086
1094 767
2396 1094
550 2396
435 550
1061 435
530 1061
1918 530
1922 1918
356 1922
1821 356
1276 1821
658 1276
268 658
1946 268
217 1946
675 217
513 675
297 513
1387 297
1602 1387
324 1602
1621 324
989 1621
239 989
1144 239
286 1144
1852 286
1157 1852
2177 1157
1822 2177
323 1822
1445 323
166 1445
1454 166
1548 1454
1618 1548
1915 1618
1921 1915
242 1921
130 242
671 130
1500 671
1207 1500
2059 1207
2118 2059
693 2118
1716 693
2096 1716
1737 2096
896 1737
2389 896
321 2389
1689 321
1686 1689
1220 1723
1220 1686
1370 1220
745 1370
534 745
1636 534
1690 1636
2449 1690
1576 2449
565 1576
2083 565
2220 2083
1203 2220
1304 1203
2127 1304
1550 2127
1888 1550
1871 1888
2043 1871
1405 2043
2175 1405
1282 2175
2355 1282
2295 2355
2113 2295
2266 2113
1267 2266
1721 1267
1035 1721
1850 1035
2117 1850
370 2117
1272 370
2086 1272
642 2086
1943 642
519 1943
2128 519
750 2128
914 750
2073 914
1881 2073
901 1881
1919 901
1583 1919
2099 1583
57 2099
1642 57
1129 1642
1327 1129
545 1327
815 545
2063 815
692 2063
1098 692
2268 1098
651 2268
1558 651
920 1558
809 920
2209 809
1046 2209
757 1046
1732 757
1386 1732
173 1386
44 173
1022 44
307 1022
690 307
540 690
1192 540
976 1192
2271 976
592 2271
365 592
209 365
885 209
2092 885
1345 2092
402 1345
1515 402
2276 1515
1860 2276
2052 1860
2464 2052
327 2464
1654 327
929 1654
2362 929
2313 2362
1979 2313
98 1979
48 98
1928 48
2319 1928
1032 2319
676 1032
1446 676
2018 1446
2031 2018
1103 2031
990 1103
1027 990
793 1027
1188 793
1691 1188
2486 1691
1154 2486
462 1154
1685 462
1917 1685
1931 1917
1893 1931
7 1893
499 7
1270 499
1567 1270
2039 1567
2101 2039
1830 2101
17 1830
228 17
88 228
1201 88
1877 1201
2123 1877
482 2123
916 482
799 916
1955 799
2194 1955
2145 2194
1373 2145
1178 1373
832 1178
2150 832
2239 2150
1902 2239
561 1902
471 561
230 471
681 230
155 681
408 155
1891 408
847 1891
2181 847
1268 2181
2110 1268
285 2110
475 285
1287 475
1291 1287
1008 1291
1339 1008
416 1339
1089 416
633 1089
326 633
1066 326
699 1066
386 699
1435 386
1299 1435
1873 1299
14 1873
2342 14
2286 2342
1820 2286
1273 1820
100 1273
1971 100
1842 1971
54 1842
2167 54
938 2167
1588 938
2364 1588
505 2364
2139 505
2474 2139
691 2474
958 691
1884 958
1760 1884
422 1760
2109 422
302 2109
1058 302
1095 1058
81 1095
698 81
1123 698
122 1123
504 122
1643 504
570 1643
2152 570
937 2152
1776 937
1568 1776
1110 1568
1074 1110
2057 1074
1595 2057
2142 1595
1141 2142
2015 1141
2262 2015
1208 2262
822 1208
2399 822
1030 2399
1335 1030
2305 1335
263 2305
1026 263
2156 1026
1963 2156
1177 1963
1359 1177
2272 1359
605 2272
730 605
2033 730
1910 2033
496 1910
336 496
1425 336
2361 1425
1436 2361
1516 1436
1475 1516
22 1475
717 22
2186 717
933 2186
1872 933
2102 1872
2223 2102
203 2223
1085 203
960 1085
1308 960
1698 1308
1599 1698
1911 1599
2236 1911
1546 2236
1536 1546
882 1536
213 882
38 213
96 38
1571 96
992 1571
339 992
1437 339
330 1437
1413 330
2406 1413
1082 2406
1527 1082
2005 1527
535 2005
1227 535
2090 1227
1811 2090
89 1811
1233 89
2159 1233
1065 2159
1537 1065
1972 1537
212 1972
2390 212
351 2390
131 351
1212 131
1886 1212
298 1886
1876 298
2089 1876
2212 2089
1631 2212
1484 1631
1376 1484
1456 1376
1476 1456
1038 1476
589 1038
659 589
946 659
2219 946
841 2219
1418 841
2038 1418
10 2038
719 10
136 719
390 136
2365 390
308 2365
1460 308
1280 1460
1598 1280
1196 1598
2481 1196
785 2481
1941 785
1729 1941
127 1729
2312 127
455 2312
1868 455
2463 1868
479 2463
243 479
1726 243
1660 1726
555 1660
1316 555
64 1316
350 64
2011 350
292 2011
709 292
451 709
148 451
2029 148
1497 2029
1775 1497
1899 1775
997 1899
1518 997
714 1518
715 714
729 715
1545 729
2199 1545
1947 2199
32 1947
1655 32
1792 1655
792 1792
528 792
2301 528
1257 2301
1237 1257
919 1237
857 919
783 857
2441 783
749 2441
1124 749
381 1124
1502 381
164 1502
1772 164
1341 1772
2302 1341
1592 2302
1846 1592
878 1846
859 878
1521 859
2104 1521
887 2104
2265 887
468 2265
2241 468
2242 2241
97 2242
2108 97
117 2108
296 117
2461 296
143 2461
1708 143
1279 1708
993 1279
383 993
132 383
2440 132
600 2440
1712 600
1858 1712
2055 1858
1507 2055
70 1507
472 70
27 472
816 27
65 816
974 65
876 974
23 876
2392 23
936 2392
2120 936
170 2120
2334 170
1561 2334
2211 1561
1145 2211
1023 1145
840 1023
700 840
973 700
51 973
2207 51
2257 2207
1097 2257
1340 1097
707 1340
2252 707
270 2252
884 270
2185 884
2344 2185
2245 2344
1645 2245
2066 1645
1455 2066
1402 1455
595 1402
1751 595
178 1751
1720 178
684 1720
987 684
320 987
2311 320
1134 2311
1513 1134
1081 1513
317 1081
877 317
902 877
1677 902
18 1677
348 18
2256 348
1627 2256
1451 1627
2079 1451
425 2079
493 425
959 493
738 959
2088 738
1441 2088
2025 1441
2191 2025
367 2191
1535 367
1366 1535
1185 1366
1752 1185
1870 1752
849 1870
1758 849
103 1758
202 103
718 202
1991 718
133 1991
1638 133
1786 1638
823 1786
2377 823
2366 2377
804 2366
2168 804
1624 2168
150 1624
657 150
702 657
1611 702
1973 1611
457 1973
2388 457
1711 2388
1517 1711
1765 1517
1488 1765
819 1488
1757 819
430 1757
950 430
1193 950
871 1193
177 871
1385 177
2136 1385
2173 2136
456 2173
183 456
2354 183
2085 2354
2227 2085
820 2227
1594 820
2329 1594
274 2329
2273 274
1298 2273
1105 1298
2260 1105
1328 2260
1033 1328
731 1033
1862 731
2053 1862
856 2053
1485 856
1601 1485
2465 1601
1803 2465
2106 1803
2357 2106
791 2357
237 791
1924 237
1816 1924
688 1816
951 688
42 951
2314 42
1556 2314
2291 1556
1147 2291
1118 1147
69 1118
655 69
680 655
2367 680
567 2367
1083 567
275 1083
1278 275
2074 1278
1629 2074
2358 1629
1322 2358
1626 1322
2072 1626
2426 2072
379 2426
722 379
1310 722
2157 1310
495 2157
2132 495
1432 2132
1570 1432
2014 1570
295 2014
1809 295
2218 1809
2341 2218
663 2341
1966 663
382 1966
1352 382
192 1352
1104 192
431 1104
2315 431
1189 2315
881 1189
1738 881
2348 1738
2471 2348
514 2471
1694 514
559 1694
525 559
1492 525
728 1492
2380 728
1802 2380
560 1802
2495 560
2405 2495
858 2405
1131 858
1767 1131
533 1767
172 533
1428 172
1769 1428
542 1769
2369 542
1491 2369
281 1491
294 281
2141 294
586 2141
2016 586
2383 2016
1819 2383
1828 1819
636 1828
893 636
1259 893
8 1259
899 8
1993 899
2248 1993
191 2248
180 191
141 180
1840 141
1285 1840
1461 1285
1361 1461
252 1361
1079 252
1847 1079
673 1847
1882 673
747 1882
1365 747
1709 1365
2336 1709
1865 2336
2455 1865
873 2455
385 873
1187 385
724 1187
1160 724
1936 1160
2067 1936
144 2067
2280 144
734 2280
635 734
1532 635
579 1532
1706 579
486 1706
1325 486
1107 1325
972 1107
374 972
2056 374
1215 2056
2097 1215
1508 2097
649 1508
194 649
682 194
1429 682
1986 1429
2008 1986
593 2008
413 593
2497 413
694 2497
224 694
1246 224
1648 1246
986 1648
355 986
312 355
78 312
549 78
2020 549
796 2020
1827 796
1977 1827
1836 1977
1913 1836
1462 1913
246 1462
1801 246
969 1801
2425 969
1072 2425
260 1072
1804 260
781 1804
1204 781
1662 1204
2445 1662
2308 2445
1229 2308
1903 1229
1410 1903
737 1410
580 737
2444 580
171 2444
531 171
2042 531
1055 2042
1294 1055
1200 1294
1062 1200
1692 1062
190 1692
1051 190
2466 1051
1778 2466
1473 1778
2198 1473
1984 2198
872 1984
1703 872
264 1703
2279 264
1448 2279
29 1448
366 29
1759 366
1099 1759
1047 1099
1773 1047
2483 1773
1603 2483
1573 1603
1623 1573
1146 1623
1874 1146
1450 1874
256 1450
1001 256
1037 1001
2050 1037
1390 2050
1063 1390
777 1063
1995 777
314 1995
380 314
647 380
363 647
2000 363
1060 2000
393 1060
500 393
811 500
448 811
2468 448
251 2468
568 251
1965 568
1481 1965
2076 1481
1853 2076
449 1853
2343 449
1981 2343
2384 1981
322 2384
119 322
509 119
1683 509
2416 1683
67 2416
983 67
554 983
2250 554
124 2250
1248 124
1581 1248
469 1581
599 469
1440 599
1493 1440
1397 1493
437 1397
598 437
341 598
1170 341
1600 1170
1221 1600
2121 1221
1057 2121
1833 1057
1 1833
358 1
506 358
464 506
2386 464
953 2386
349 953
760 349
1416 760
1855 1416
45 1855
866 45
1175 866
299 1175
2303 299
262 2303
404 262
1538 404
2049 1538
1534 2049
865 1534
2403 865
24 2403
909 24
1430 909
2492 1430
2169 2492
328 2169
1071 328
1179 1071
808 1179
1301 808
1781 1301
2254 1781
1049 2254
1471 1049
648 1471
2387 648
2478 2387
706 2478
1580 706
656 1580
439 656
2428 439
829 2428
517 829
1275 517
1864 1275
1139 1864
2007 1139
362 2007
2491 362
2489 2491
610 2489
1417 610
384 1417
888 384
68 888
241 68
1906 241
895 1906
1195 895
1541 1195
1566 1541
316 1566
1309 316
118 1309
879 118
235 879
1059 235
925 1059
1608 925
2061 1608
1682 2061
2298 1682
2418 2298
591 2418
512 591
1389 512
1794 1389
2093 1794
2317 2093
1378 2317
446 1378
1866 446
1650 1866
1633 1650
2310 1633
845 2310
1194 845
1935 1194
1010 1935
1610 1010
627 1610
1431 627
1009 1431
62 1009
220 62
1898 220
227 1898
1777 227
1320 1777
898 1320
2333 898
1457 2333
1382 1457
1667 1382
2119 1667
153 2119
776 153
454 776
2158 454
2162 2158
1315 2162
1539 1315
2413 1539
2345 2413
503 2345
1987 503
371 1987
1577 371
169 1577
964 169
1755 964
1761 1755
1916 1761
952 1916
2202 952
1942 2202
325 1942
288 325
1590 288
2454 1590
1014 2454
2294 1014
1394 2294
2412 1394
704 2412
99 704
897 99
805 897
716 805
204 716
229 204
2430 229
2325 2430
821 2325
2457 821
214 2457
39 214
400 39
271 400
575 271
629 575
2395 629
2296 2395
1290 2296
825 1290
189 825
1300 189
234 1300
1031 234
85 1031
2174 85
787 2174
828 787
1162 828
138 1162
2201 138
1616 2201
438 1616
576 438
2432 576
2231 2432
1216 2231
842 1216
1651 842
526 1651
1885 526
2356 1885
71 2356
1779 71
267 1779
2244 267
742 2244
1343 742
1564 1343
922 1564
669 922
1210 669
1511 1210
2082 1511
265 2082
869 265
182 869
711 182
2347 711
1149 2347
1018 1149
2166 1018
1526 2166
1948 1526
2328 1948
2490 2328
2146 2490
1306 2146
283 1306
2264 283
2205 2264
1407 2205
266 1407
1704 266
2208 1704
1780 2208
674 1780
2204 674
2292 2204
2028 1138
2028 2292
803 2028
2003 803
1990 2003
106 1990
617 106
874 617
2154 874
1514 2154
2423 1514
2017 2423
1165 2017
1318 1165
61 1318
1247 61
2040 1247
2459 2040
1364 2459
109 1364
1620 109
2409 1620
1747 2409
1171 1747
744 1171
1383 744
544 1383
1392 544
923 1392
1242 923
1763 1242
1908 1763
490 1908
1652 490
2374 1652
1909 2374
2010 1909
817 2010
1350 817
2450 1350
677 2450
2124 677
31 2124
2243 31
759 2243
344 759
272 344
1374 272
279 1374
269 279
2221 269
1634 2221
770 1634
1552 770
1482 1552
2462 1482
2400 2462
447 2400
1782 447
1399 1782
1674 1399
489 1674
1613 489
1152 1613
975 1152
1238 975
862 1238
1879 862
157 1879
165 157
725 165
20 725
2060 20
1808 2060
80 1808
112 80
2304 112
74 2304
1045 74
1113 1045
1043 1113
621 1043
225 621
1533 225
653 1533
2327 653
1740 2327
2023 1740
551 2023
2065 551
739 2065
1562 739
1181 1562
1355 1181
2188 1355
1584 2188
2182 1584
329 2182
52 329
2126 52
2470 2126
426 2470
2482 426
6 2482
2258 6
1663 2258
1357 1663
2284 1357
444 2284
1380 444
1424 1380
409 1424
1717 409
2234 1717
1288 2234
313 1288
1305 313
1681 1305
1250 1681
1314 1250
618 1314
82 618
2180 82
860 2180
807 860
338 807
1697 338
596 1697
713 596
2372 713
50 2372
639 50
147 639
558 147
1420 558
1854 1420
465 1854
2164 465
1504 2164
696 1504
913 696
1371 913
1912 1371
660 1912
345 660
870 345
608 870
494 608
634 494
1211 634
1338 1211
87 1338
830 87
935 830
146 935
1676 146
1377 1676
624 1377
2359 624
764 2359
1586 764
833 1586
487 833
1962 487
2115 1962
1810 2115
107 1810
1477 107
1839 1477
1021 1839
1748 1021
397 1748
1292 397
980 1292
746 980
814 746
1140 814
2054 1140
1040 2054
175 1040
1209 175
689 1209
2034 689
492 2034
752 492
868 752
2480 868
515 2480
2460 515
1197 2460
2352 1197
1606 2352
2382 1606
1164 2382
552 1164
1245 552
2187 1245
2484 2187
244 2484
1718 244
1029 1718
2335 1029
1829 2335
994 1829
1467 994
614 1467
273 614
1120 273
708 1120
915 708
546 915
1180 546
1358 1180
1401 1358
775 1401
511 775
1106 511
2002 1106
1232 2002
1348 1232
1133 1348
1353 1133
941 1353
43 941
2114 43
2058 2114
754 2058
1997 754
1937 1997
450 1937
375 450
1693 375
1596 1693
1042 1596
978 1042
461 978
1713 461
1715 1713
33 1715
1231 33
396 1231
1295 396
1150 1295
1230 1150
1863 1230
1091 1863
1331 1091
2021 1331
12 2021
253 12
524 253
853 524
611 853
727 611
1117 727
2035 1117
907 2035
1843 907
2453 1843
1202 2453
2019 1202
140 2019
434 140
1818 434
1727 1818
41 1727
1465 41
219 1465
538 219
1604 538
353 1604
113 353
943 113
1346 943
2375 1346
282 2375
2160 282
631 2160
1934 631
1678 1934
1994 1678
1549 1994
697 1549
1217 697
889 1217
1447 889
1468 1447
459 1468
1790 459
160 1790
543 160
851 543
824 851
1330 824
477 1330
701 477
1391 701
926 1391
195 926
2404 195
387 2404
1825 387
2488 1825
1875 2488
1421 1875
1151 1421
2135 1151
137 2135
2192 137
2077 2192
2472 2077
30 2472
1406 30
2321 1406
1646 2321
685 1646
2324 685
687 2324
772 687
1289 772
1126 1289
650 1126
844 650
846 844
2338 846
398 2338
399 398
291 399
574 291
1625 574
2456 1625
1529 2456
2155 1529
1006 2155
1426 1006
646 1426
1569 646
410 1569
1505 410
1920 1505
2287 1920
2133 2287
1637 2133
2330 1637
424 2330
1938 424
2433 1938
15 2433
620 15
536 620
221 536
968 221
2346 968
940 2346
284 940
801 284
1349 801
2172 1349
1572 2172
1512 1572
2094 1512
1742 2094
743 1742
1244 743
361 1244
161 361
2190 161
2080 2190
1143 2080
1347 1143
1307 1347
1901 1307
1630 1901
91 1630
1687 91
1957 1687
1722 1957
2479 1722
1905 2479
2476 1905
55 2476
1039 55
332 1039
1976 332
145 1976
2261 145
1699 2261
1262 1699
2452 1262
748 2452
795 748
278 795
1329 278
761 1329
1970 761
532 1970
1400 532
121 1400
168 121
1109 168
1980 1109
388 1980
569 388
2281 569
2103 2281
982 2103
1883 982
2496 1883
2381 2496
2373 2381
2408 2373
1011 2408
2197 1011
301 2197
628 301
364 628
1379 364
1989 1379
1458 1989
218 1458
478 218
1930 478
1184 1930
77 1184
1768 77
1607 1768
1832 1607
1553 1832
1774 1553
389 1774
470 389
1739 470
2485 1739
2116 2485
2026 2116
1344 2026
63 1344
1017 63
1735 1017
999 1735
401 999
13 401
1073 13
90 1073
1520 90
768 1520
354 768
2259 354
126 2259
587 126
277 587
1116 277
476 1116
1949 476
947 1949
306 947
174 306
2499 174
780 2499
1489 780
1939 1489
1470 1939
641 1470
2269 641
2045 2269
2111 2045
1982 2111
1243 1982
771 1243
2283 771
2149 2283
305 2149
1351 305
721 1351
2351 721
1443 2351
606 1443
2068 606
723 2068
553 723
186 553
963 186
1415 963
855 1415
340 855
1439 340
1736 1439
114 1736
670 114
300 670
1904 300
1996 1904
497 1996
582 497
927 582
2098 927
861 2098
240 861
258 240
66 258
428 66
2397 428
421 2397
2233 421
2424 2233
2299 2424
1293 2299
1895 1293
2100 1895
458 2100
1673 458
1070 1673
1750 1070
1372 1750
491 1372
1671 491
347 1671
557 347
1849 557
2230 1849
572 2230
293 572
1459 293
835 1459
1807 835
405 1807
2200 405
686 2200
2429 686
92 2429
1762 92
2138 1762
1800 2138
1005 1800
1731 1005
342 1731
2422 342
1506 2422
507 1506
1337 507
84 1337
49 84
116 49
949 116
1887 949
411 1887
2401 411
1186 2401
1169 1186
1090 1169
1121 1090
1213 1121
1770 1213
588 1770
1932 588
1326 1932
1784 1326
4 1784
1464 4
76 1464
1754 76
2282 1754
1719 2282
1251 1719
769 1251
1656 769
616 1656
2398 616
360 2398
1544 360
1944 1544
2064 1944
59 2064
773 59
1004 773
904 1004
2044 904
758 2044
1313 758
1068 1313
154 1068
162 154
315 162
1474 315
736 1474
211 736
1897 211
199 1897
2214 199
2247 2214
1639 2247
378 1639
2376 378
1444 2376
679 1444
1622 679
1368 1622
1253 1368
1000 1253
79 1000
1199 79
1805 1199
2331 1805
806 2331
883 806
1889 883
1714 1889
645 1714
2176 645
732 2176
1510 732
484 1510
304 484
1542 304
735 1542
1900 735
1265 1900
1419 1265
590 1419
1053 590
259 1053
2004 259
1498 2004
2013 1498
1096 2013
1992 1096
1628 1992
415 1628
123 415
216 123
2195 216
1317 2195
637 1317
2349 637
2278 2349
473 2278
460 473
957 460
1815 957
1798 1815
571 1798
1591 571
331 1591
1388 331
644 1388
1218 644
1813 1218
2370 1813
2411 2370
1967 2411
763 1967
2215 763
2143 2215
2009 2143
1617 2009
523 1617
1240 523
1817 1240
1255 1817
1148 1255
2368 1148
1838 2368
908 1838
854 908
1644 854
798 1644
11 798
521 11
176 521
2393 176
756 2393
1412 756
891 1412
2475 891
1234 2475
1222 1234
1182 1222
1496 1182
1214 1496
1002 1214
581 1002
95 581
2171 95
420 2171
522 420
932 522
467 932
1657 467
1367 1657
115 1367
1695 115
1612 1695
765 1612
236 765
1274 236
2062 1274
1286 2062
2224 1286
2420 2224
970 2420
72 970
2078 72
5 2078
2183 5
838 2183
1336 838
483 1336
369 483
1525 369
1744 1525
1016 1744
233 1016
547 233
255 547
1968 255
395 1968
1954 395
1701 1954
1771 1701
1764 1771
601 1764
837 601
2107 837
1530 2107
2087 1530
1283 2087
2290 1283
2232 2290
441 2232
1297 441
1077 1297
2320 1077
2275 2320
942 2275
1684 942
1483 1684
474 1483
1953 474
981 1953
181 981
466 181
2184 466
1024 2184
1311 1024
357 1311
852 357
562 852
520 562
403 520
2249 403
391 2249
201 391
863 201
1130 863
2267 1130
683 2267
205 683
1356 205
850 1356
35 850
1494 35
1659 1494
1054 1659
918 1054
1137 918
2419 1137
417 2419
276 417
632 276
1102 632
766 1102
2446 766
527 2446
2228 527
2326 2228
1020 2326
1084 1020
1649 1084
2012 1649
1793 2012
2285 1793
1132 2285
548 1132
1172 548
1303 1172
1680 1303
1427 1680
128 1427
1670 128
2437 1670
810 2437
900 810
1523 900
2130 1523
1260 2130
184 1260
1519 184
2407 1519
2137 2407
1579 2137
1945 1579
2125 1945
1422 2125
864 1422
1161 864
703 1161
541 703
2307 541
1834 2307
337 1834
73 337
2226 73
2318 2226
159 2318
25 159
2144 25
310 2144
1998 310
1363 1998
1112 1363
1277 1112
1696 1277
1266 1696
2041 1266
376 2041
1597 376
1156 1597
2316 1156
733 2316
2046 733
892 2046
1587 892
1041 1587
1824 1041
86 1824
630 86
1501 630
1880 1501
2323 1880
1163 2323
2051 1163
1411 2051
827 1411
1434 827
826 1434
1025 826
2274 1025
2071 2274
1702 2071
34 1702
626 34
445 626
1404 445
231 1404
2024 231
1788 2024
60 1788
762 60
1219 762
1395 1219
1856 1395
797 1856
502 797
726 502
2339 726
1398 2339
788 1398
2147 788
961 2147
1710 961
2193 1710
1296 2193
1857 1296
1826 1857
584 1826
1125 584
625 1125
1844 625
1254 1844
948 1254
187 948
463 187
2332 463
2048 2332
1466 2048
665 1466
813 665
179 813
921 179
784 921
594 784
1814 594
1263 1814
433 1263
261 433
46 261
2306 46
995 2306
1442 995
1619 1442
848 1619
53 848
1100 53
928 1100
1907 928
1342 1907
867 1342
654 867
695 654
1641 695
1522 1641
1632 1522
2297 1632
782 2297
1914 782
955 1914
2217 955
1224 2217
2340 1224
412 2340
207 412
1281 207
1393 1281
2 1393
578 2
1127 578
1092 1127
1114 1092
917 1114
343 917
2300 343
1423 2300
47 1423
2122 47
1225 2122
2270 1225
1312 2270
903 1312
1111 903
643 1111
1075 643
843 1075
1191 843
2225 1191
1078 2225
1892 1078
931 1892
1101 931
1540 1101
1503 1540
334 1503
215 334
247 215
1155 247
2487 1155
1438 2487
818 1438
930 818
248 930
102 248
640 102
2091 640
280 2091
2442 280
83 2442
26 83
206 26
1555 206
1302 1555
108 1302
3 108
1478 3
1205 1478
661 1205
2237 661
392 2237
1479 392
407 1479
779 407
1135 779
1837 1135
1019 1837
2001 1019
619 2001
1565 619
1256 1565
510 1256
2238 510
1647 2238
125 1647
905 125
1239 905
1672 1239
996 1672
1658 996
93 1658
1783 93
1261 1783
615 1261
287 615
