1000
937 974
538 964
538 937
545 538
749 925
749 545
858 749
656 858
656 104
666 656
343 666
343 733
250 343
64 250
64 619
398 64
532 398
532 353
139 532
724 612
724 139
56 724
693 702
693 56
131 693
747 131
747 951
234 747
720 231
720 234
535 720
713 377
713 535
251 713
875 582
875 251
235 875
516 483
516 235
207 516
436 207
436 631
847 436
31 847
31 322
409 31
661 917
661 409
357 661
910 10
910 357
551 910
448 732
448 551
757 448
465 488
465 757
970 465
590 970
590 423
299 590
127 162
127 299
335 127
771 982
771 335
255 771
428 255
428 467
646 428
283 646
283 60
453 283
132 453
132 411
848 132
205 848
205 204
736 205
301 287
301 736
550 301
347 550
347 244
497 347
938 497
938 930
184 938
97 184
97 756
944 97
859 944
859 339
263 859
348 883
348 263
48 348
432 148
432 48
600 432
623 600
623 833
987 623
336 6
336 987
274 336
504 498
504 274
169 504
208 881
208 169
540 208
28 540
28 797
572 28
753 572
753 741
700 753
424 240
424 700
996 424
967 933
967 996
29 967
786 29
786 515
531 786
739 813
739 531
988 739
38 988
38 832
750 38
7 41
7 750
826 7
164 826
164 579
981 164
525 981
525 965
42 525
748 145
748 42
193 748
779 193
779 337
774 779
956 852
956 774
557 956
109 557
109 836
690 109
534 780
534 690
288 534
119 626
119 288
575 119
267 703
267 575
324 267
642 324
642 202
589 642
721 763
721 589
764 721
170 764
170 890
789 170
22 926
22 789
585 22
559 585
559 481
381 559
712 404
712 381
496 712
728 496
728 618
809 728
90 745
90 809
999 90
9 608
9 999
543 9
444 543
444 246
806 444
334 594
334 806
766 334
376 916
376 766
269 376
969 167
969 269
843 969
679 843
679 86
902 679
625 902
625 475
985 625
166 427
166 985
262 166
717 490
717 262
904 717
960 366
960 904
667 960
360 293
360 667
460 360
936 815
936 460
737 936
704 510
704 737
76 704
277 76
277 595
450 277
872 450
872 718
800 872
580 462
580 800
794 580
101 546
101 794
392 101
940 674
940 392
186 940
725 186
725 808
151 725
25 151
25 894
330 25
810 330
810 824
744 810
994 744
994 275
874 994
861 524
861 874
378 861
374 442
374 378
317 374
214 206
214 317
954 214
92 80
92 954
130 92
172 570
172 130
711 172
470 638
470 711
142 470
920 359
920 142
929 920
188 929
188 604
886 188
326 886
326 685
577 326
649 577
649 477
953 649
232 862
232 953
349 232
476 349
476 986
865 476
225 106
225 865
422 225
698 410
698 422
948 698
950 430
950 948
544 950
823 358
823 544
43 823
893 43
893 922
491 893
61 491
61 248
194 61
469 194
469 224
508 469
801 508
801 692
553 801
746 686
746 553
168 746
49 168
49 39
218 49
888 152
888 218
817 888
371 817
371 413
67 371
807 125
807 67
153 807
677 153
677 653
502 677
522 482
522 502
597 522
256 597
256 782
15 256
315 719
315 15
560 315
634 768
634 560
691 634
914 912
914 691
941 914
620 447
620 941
533 620
819 533
819 464
928 819
722 928
722 621
361 722
296 361
296 318
223 296
714 281
714 223
189 714
456 189
456 175
4 456
369 129
369 4
181 369
934 181
934 473
906 934
426 906
426 79
984 426
664 614
664 984
304 664
37 304
37 605
509 37
355 57
355 509
272 355
254 272
254 45
116 254
21 980
21 116
851 21
123 851
123 682
484 123
668 363
668 484
84 668
390 84
390 868
77 390
171 70
171 77
91 171
493 633
493 91
160 493
822 402
822 160
364 822
740 364
740 777
983 740
54 908
54 983
419 54
253 466
253 419
997 253
215 96
215 997
286 215
958 144
958 286
135 958
573 345
573 135
30 573
519 156
519 30
675 519
844 838
844 675
34 844
373 34
373 942
571 373
99 767
99 571
632 99
911 433
911 632
715 911
603 924
603 715
226 603
947 258
947 226
66 947
676 212
676 66
759 676
354 759
354 882
877 354
892 877
892 400
312 892
47 312
47 221
639 47
931 639
931 562
662 931
963 662
963 24
290 963
835 290
835 793
178 835
707 257
707 178
19 707
784 220
784 19
306 784
643 59
643 306
727 643
338 303
338 727
443 338
185 511
185 443
173 185
568 11
568 173
513 568
3 873
3 513
367 3
743 913
743 367
143 743
292 51
292 143
94 292
501 94
501 684
521 501
503 521
503 179
655 503
114 578
114 655
379 114
368 379
368 157
33 368
529 33
529 83
147 529
310 147
310 418
528 310
227 528
227 523
237 227
998 932
998 237
389 998
415 389
415 87
316 415
856 316
856 699
478 856
434 478
434 627
900 434
89 900
89 798
542 89
701 772
701 542
854 701
53 298
53 854
539 53
5 539
5 610
270 5
273 229
273 270
405 273
58 405
58 678
644 58
200 644
200 514
962 200
82 962
82 536
449 82
537 500
537 449
791 537
706 729
706 791
903 706
673 647
673 903
629 673
393 629
393 120
581 393
407 581
407 239
818 407
830 818
830 887
495 830
796 834
796 495
136 796
328 136
328 308
461 328
592 461
592 769
73 592
723 898
723 73
921 723
68 412
68 921
155 68
905 155
905 896
499 905
441 773
441 499
850 441
463 850
463 586
146 463
945 672
945 146
680 945
243 680
243 609
352 243
802 548
802 352
421 802
567 421
567 294
855 567
907 855
907 485
137 907
128 137
128 760
103 128
518 452
518 103
420 518
588 420
588 474
552 588
689 98
689 552
333 689
899 333
899 781
18 899
660 18
660 979
140 660
406 853
406 140
957 406
190 957
190 118
437 190
414 971
414 437
399 414
197 399
197 50
593 197
396 593
396 394
12 396
468 12
468 20
386 468
113 669
113 386
174 113
305 688
305 174
457 305
561 216
561 457
180 561
636 180
636 176
44 636
884 44
884 230
380 884
252 380
252 512
62 252
617 62
617 598
506 617
735 738
735 506
837 735
351 837
351 897
242 351
387 242
387 331
731 387
554 141
554 731
161 554
696 395
696 161
416 696
624 975
624 416
697 624
641 217
641 697
654 641
640 827
640 654
213 640
408 213
408 909
249 408
599 249
599 584
425 599
574 425
574 845
864 574
121 23
121 864
401 121
385 285
385 401
751 385
665 863
665 751
811 665
95 811
95 291
607 95
314 607
314 776
1 314
126 133
126 1
558 126
417 651
417 558
734 417
775 734
775 261
327 775
990 327
990 602
812 990
494 812
494 770
876 494
993 149
993 876
134 993
869 203
869 134
17 869
995 340
995 17
526 995
527 939
527 526
576 527
670 72
670 576
569 670
492 480
492 569
362 492
344 362
344 778
163 344
792 487
792 163
563 792
992 563
992 955
795 992
282 795
282 55
388 282
454 388
454 451
35 454
259 648
259 35
154 259
762 192
762 154
959 762
683 959
683 429
867 683
694 867
694 870
52 694
46 52
46 107
78 46
659 78
659 81
342 659
297 342
297 182
115 297
842 949
842 115
111 842
321 222
321 111
788 321
880 241
880 788
977 880
645 829
645 977
891 645
85 891
85 100
27 85
556 27
556 989
758 556
108 758
108 978
183 108
968 183
968 726
302 968
471 403
471 302
439 471
761 752
761 439
841 761
458 709
458 841
209 458
695 150
695 209
278 695
591 710
591 278
177 591
323 177
323 952
687 323
901 840
901 687
716 901
972 814
972 716
268 972
681 268
681 201
455 681
158 455
158 74
2 158
279 601
279 2
611 279
530 611
530 742
671 530
382 564
382 671
332 382
236 8
236 332
300 236
565 935
565 300
65 565
319 65
319 196
117 319
69 765
69 117
635 69
372 635
372 816
895 372
622 486
622 895
606 622
265 879
265 606
228 265
839 307
839 228
124 839
472 489
472 124
309 472
233 541
233 309
889 233
630 973
630 889
831 630
440 280
440 831
991 440
71 547
71 991
325 71
517 820
517 325
946 517
966 946
966 295
849 966
159 849
159 110
615 159
365 583
365 615
375 365
16 375
16 112
587 16
199 587
199 356
804 199
566 976
566 804
271 566
384 219
384 271
26 384
520 320
520 26
549 520
165 549
165 329
198 165
211 264
211 198
825 211
14 445
14 825
284 14
341 284
341 885
63 341
435 63
435 785
805 435
36 787
36 805
187 36
289 187
289 32
350 289
915 860
915 350
943 915
210 431
210 943
245 210
40 245
40 613
75 40
705 75
705 122
790 705
507 790
507 247
370 507
657 276
657 370
238 657
803 260
803 238
138 803
857 138
857 846
505 857
918 505
918 708
383 918
102 383
102 479
730 102
637 730
637 311
313 637
650 313
650 195
555 650
755 555
755 799
628 755
13 628
13 961
397 13
105 397
105 927
658 105
1000 596
1000 658
438 1000
754 438
754 93
266 754
652 266
652 783
616 652
821 616
821 878
191 821
391 828
391 191
866 391
88 871
88 866
346 88
446 663
446 346
459 446
923 459
923 919
