5678
4377 4245
5677 4352
2996 2794
2418 1238
3171 5019
3171 5474
397 5564
2157 3695
3233 936
1530 2312
3862 2781
216 3916
1596 4478
653 2070
168 145
3875 3167
1611 3991
4150 827
4078 37
5608 3862
2629 1663
1371 4950
3290 4494
5220 5132
309 4038
443 3730
2535 3466
4789 1382
4789 5423
4224 4751
1888 1551
56 4375
1140 216
2078 5626
3297 4773
3429 56
3429 2183
3460 5563
940 448
2694 4768
1564 4225
2463 4224
5379 4986
535 4456
3478 2937
5330 4922
4137 3485
2001 1033
3861 1200
115 4759
115 2702
664 3979
664 4218
2205 1307
2205 4241
2205 4465
1401 2884
2363 4048
2529 3539
2529 830
4966 3233
5083 2306
3366 1507
2290 3671
2290 3729
2290 4343
2856 5196
3043 1809
3120 1689
2683 2694
2842 110
2842 5334
4238 4274
5513 2475
2800 1714
1743 3391
3970 696
3667 2566
1442 3957
3341 251
691 5396
3074 753
5519 801
1920 4564
2738 4790
2738 1173
2427 5483
659 5130
4351 903
4351 1911
3959 1718
5014 172
4942 3869
3723 4654
3723 3893
592 4691
2678 1411
4739 2629
4739 3913
3552 5094
5308 3486
627 2732
2603 5578
4427 2801
169 3286
4080 4844
4931 302
2521 4283
4716 120
5214 1564
2367 2872
2462 5243
1052 2974
2428 1810
1899 3527
1237 3148
939 1466
4313 2261
4313 1739
1092 3936
441 2894
1230 1589
2663 2241
2681 288
5366 4613
881 988
881 4783
4412 5627
2532 443
1972 2232
613 1225
1381 459
5282 819
3796 854
2511 523
3900 4001
477 5442
2891 2001
2552 2654
944 5400
2299 5494
1038 5519
1038 4574
5053 1961
2124 4651
1913 514
2843 1519
4355 2971
4355 5134
293 5261
2173 3675
2173 1888
348 4020
2470 4385
579 3942
5279 179
1898 2556
1136 3622
1136 316
2071 2678
1071 3326
744 1158
5274 650
1248 987
4743 206
5601 2983
4287 2681
3641 4594
2151 2165
4929 3055
4929 3327
2356 2295
3650 3297
2561 3288
3506 4518
1647 3765
153 4907
3887 3698
1623 1255
4949 1552
1981 4572
2029 3025
3546 2176
5212 1997
128 772
358 1922
958 3078
958 1002
2955 4940
5000 2146
5000 906
589 3783
3141 300
4470 162
3575 127
3923 843
3560 133
2360 2714
2360 4316
5189 5212
4409 5073
2402 2271
217 2208
3409 5385
4189 3694
4189 2351
2590 40
527 1828
5173 892
3822 1725
874 766
1760 1130
3704 2084
5103 921
3904 1657
3263 2067
905 4351
2605 1052
820 5302
1091 4114
1091 3927
5447 4361
5447 4443
3533 4468
4559 5133
5506 207
5238 2363
4741 515
1844 4707
1844 867
1853 5308
2148 2982
805 3542
805 2635
3960 1437
4294 794
4294 5244
5280 4422
2479 3837
4632 1729
748 2330
4802 4430
3001 4440
3885 4348
4638 4488
4638 559
2051 4363
2051 3963
3147 5609
3131 2495
1317 115
427 741
2032 371
5260 1379
5260 3174
5260 3150
3378 4612
5290 3510
1376 337
4055 4137
1804 610
1114 2867
2110 4311
4770 5323
2657 5237
3356 3560
1019 4846
1917 1022
3364 3065
410 3788
3149 78
4206 1230
858 1335
3905 1297
3524 2666
272 5332
2198 679
1670 1376
1787 5543
1220 1099
1220 1898
3897 2558
3740 4958
3243 2173
4799 5238
4799 4860
4490 5072
4034 5250
3709 4679
4037 3761
4022 3721
1698 3488
918 3258
3038 175
2602 3219
2381 2124
619 4672
1066 824
4175 1016
3952 5383
4194 3351
1909 2382
4202 2529
5463 1467
5317 924
929 769
493 4775
3175 1346
5223 3678
2857 712
3076 1975
5437 3541
5554 5645
4510 2570
2655 5083
525 185
2005 2953
3814 3885
1879 4202
3946 3280
676 297
2297 5387
2975 1752
1806 1279
2584 5556
2002 4059
2002 2960
1877 1215
2499 5227
5186 5026
1023 5545
5252 2
1288 154
3569 4970
1648 2792
1771 3120
1771 1163
5209 2015
750 3945
1214 1819
927 3533
5411 4284
1352 1031
1833 970
3472 4176
5562 3461
54 1371
3573 995
1680 417
4758 5216
4983 211
4713 3001
5336 2912
546 3968
5079 588
2331 1690
673 1452
673 4808
4492 1070
3413 2360
1278 5154
4766 4716
4766 1394
4105 3696
1152 4966
2751 2110
1951 4901
1951 2493
2581 4141
2372 4190
2372 2605
722 4754
4043 2214
1094 1565
43 4889
4429 664
1040 4484
1040 157
5664 3740
4244 4460
2798 4397
1407 4631
5536 2305
2395 672
5201 3139
1639 2724
1639 1143
1527 477
898 1235
4242 1178
3021 1462
2460 1750
1792 4999
777 2462
2897 4106
4286 1261
1740 1793
4282 4285
3165 2935
4459 2672
4459 663
63 4109
63 1600
974 3744
3142 2706
1644 112
3333 2525
484 2972
484 1940
2984 3252
4036 2381
3540 1772
240 2559
4054 2746
3728 2962
5458 1278
5458 264
5208 4178
1536 1442
1536 4300
719 2618
365 3519
365 1715
682 229
4660 4035
1762 1277
1762 470
1435 2112
4081 3511
4081 2741
4081 3104
46 2806
159 4983
1308 1502
2534 1815
1625 13
237 4384
5509 4859
5509 473
5509 3328
1719 3314
5531 1559
1095 241
1991 492
4855 2491
4855 823
1409 5640
1283 5676
3760 3813
670 818
3951 5562
1875 2581
1875 4891
1875 4903
923 2069
1432 5201
1432 1482
279 3544
3976 331
3856 5191
3225 214
882 605
882 3552
3323 4589
3323 4095
5501 5476
2820 5536
1857 4133
1857 233
2965 2913
319 552
319 5147
12 1805
12 1807
12 4877
5394 1270
5394 1118
602 2399
671 2834
4945 3637
1268 4828
1883 673
1883 3141
1883 2356
1553 2574
1667 953
4060 2968
1531 1930
93 918
181 380
5078 1176
335 4929
3536 613
694 2463
4988 4207
3349 1221
3480 2735
3050 1258
4198 1213
4198 4357
4198 2411
1594 1909
3178 4155
3178 4349
2543 584
5305 3202
4715 1325
4715 5115
1544 1381
1544 1643
665 1553
665 3408
1543 4326
1113 5162
1113 2985
2485 1515
5555 2048
3676 169
3676 501
4373 1855
1660 3517
1660 736
3684 3715
1586 4952
776 1951
1449 271
186 4793
186 1773
4079 810
94 3672
1079 5606
4502 637
4982 3820
3020 4965
3442 2077
494 3664
4539 713
550 3506
4482 4794
3015 2060
3688 2850
131 1670
2903 23
249 4513
198 1792
198 4398
2049 4786
2836 4454
2836 2584
2836 1804
2486 278
52 3469
1702 3307
4761 3615
5144 4173
1273 3775
2302 1111
2302 616
3308 4653
3308 452
3798 1877
529 1787
728 1740
2039 4373
2039 3492
3221 3603
3221 3402
2826 1187
1616 385
531 3571
531 3677
4158 208
4493 4900
259 2739
2052 4143
4595 3472
3665 1005
3665 2601
3647 494
3647 2267
3647 2717
2554 5047
2762 5392
2011 335
2011 1531
2685 5131
4729 2965
4729 974
4729 5475
454 2451
2573 4416
4762 5411
5270 1408
2352 5247
2352 4266
3773 2578
629 1674
1148 259
1148 3056
3596 2586
2886 1051
4622 5553
4622 1164
4622 1907
1049 1536
5624 1586
1469 3061
426 2302
426 3895
426 5507
426 4330
426 4342
376 2923
4810 2859
5477 5401
1072 4337
4835 3196
956 579
742 2554
742 869
5575 1795
2949 4022
1562 3902
140 4089
3051 711
3051 1654
1426 122
2970 5085
2880 199
246 719
246 4858
246 4362
4669 4058
2895 3699
1812 1814
5530 4823
3535 4595
5415 1427
1595 1385
994 5453
4444 3071
2122 2675
4234 3993
1580 3647
1580 4117
981 5236
677 3480
1735 5280
203 929
465 3200
1284 1660
3608 3766
26 4994
26 1389
1321 5065
4360 3638
24 1400
5185 3457
1056 48
1056 1919
1123 3238
3420 2720
1415 2737
1415 530
4381 3948
247 5321
5594 5053
1529 2237
1529 977
1529 686
1788 4752
5165 4951
5316 1161
312 1667
5149 4520
299 1986
5546 4798
1635 826
3445 1840
4486 2783
1863 1544
1863 358
1863 3819
1602 1023
1602 3687
4921 1489
4921 2394
4788 2885
4837 3021
875 2868
4110 4045
4110 4584
1619 3890
1619 2065
1500 3608
5343 2698
5343 4470
5343 221
2284 1264
1429 1212
1429 592
2674 2326
4112 2026
5484 4242
1008 4144
1008 2032
2429 4604
3994 1289
2082 3725
3354 12
2377 1249
2450 3998
2450 5371
5051 1435
3566 143
4746 863
1231 3256
1231 3225
1231 777
2507 5143
2437 4638
2437 746
4418 4434
1761 4764
183 463
4307 5395
1730 3573
3188 2825
4261 484
4261 848
5287 543
3646 3043
3646 2598
2630 3983
4004 1672
4004 3037
1147 2377
1147 4110
1688 365
5485 2970
5485 249
5485 1319
3085 3899
3085 506
4627 3152
4712 2083
4989 3073
451 4976
1829 410
5035 5001
5035 939
5035 1766
2218 57
1936 2150
1055 1594
2670 5046
5362 4150
873 1635
873 2416
4268 3760
439 2479
2102 3536
5662 4988
4526 4359
1591 2082
1591 2532
3513 1994
3513 2955
5382 2820
3757 4954
4324 1334
4324 2007
912 3218
912 1280
912 148
3848 5100
2042 3036
4448 4297
3906 787
1241 4068
4090 3920
4090 3897
2483 3631
3262 2102
5052 4591
5052 2920
363 3803
2510 4324
2510 210
4816 1102
4816 1129
2928 1241
537 1317
931 4525
931 5572
2669 1614
2669 3743
5295 3891
5565 5437
541 2615
541 2050
1671 11
901 927
1851 426
1851 2179
2754 4158
1779 5056
1779 5330
4195 5500
2907 1829
4902 956
173 1308
173 5454
3126 3221
635 1903
635 2107
635 3720
2789 5109
2789 2811
2282 3667
585 4945
4726 5077
4726 3857
3846 4933
1021 3172
3245 4812
3245 738
3245 704
3428 2188
3428 1469
3428 3340
3428 1910
3428 697
486 2286
95 2563
95 4597
1744 893
2668 5209
2668 3213
799 1639
561 1266
3023 4244
225 2734
2079 2707
1128 815
844 4849
1664 1760
495 3892
2905 4708
5354 917
1513 3577
1006 2145
4925 449
3246 483
3246 1983
3060 1671
2614 1084
4763 1253
2293 3955
2293 2683
2293 4789
3978 5599
3978 5165
3978 5168
3926 5270
3926 1899
5425 4632
5425 1038
1441 5025
1441 949
5289 750
4772 2130
4232 4810
2328 1135
3689 4762
3689 521
5198 1251
1303 3105
735 4713
735 2561
2695 643
2695 2582
291 247
5414 86
4857 1202
3522 923
4501 2512
4501 2917
952 4855
952 5615
693 402
693 657
2027 3952
1060 2710
5067 5021
5067 5415
5067 1569
1228 4131
1228 4724
1228 2033
908 5430
3045 5427
3045 5577
648 3433
1827 2205
1827 4819
2443 3289
4910 4211
4910 829
1721 2518
1901 43
3229 4081
4626 3545
2423 4486
1592 47
1592 5186
1592 4770
4546 1799
4546 2755
1629 2334
1928 1954
2729 4230
1708 4395
2679 2880
4096 2062
699 1485
699 2174
699 3294
3941 1616
1265 4320
462 186
989 2186
1781 2829
935 1162
935 2800
3096 4556
3096 128
894 5220
894 2143
139 201
139 5537
5277 236
1057 2580
2827 972
5464 1963
1227 2027
4240 2189
5262 5574
5262 189
2939 4483
907 5457
538 2961
2940 5660
4169 2139
4169 653
4169 1548
3441 363
3296 4477
2389 1492
850 2242
4344 1060
973 3726
2227 3606
2619 4329
3498 624
3498 3320
3549 1626
5231 1228
4820 4717
433 1491
3316 4627
3316 4703
3316 2536
2758 5344
2758 575
4981 3246
4981 2348
4981 1330
832 3994
832 5242
1882 2519
1882 4501
3070 1171
4938 2997
4938 2171
5352 2385
5352 3535
3871 1550
3871 4282
5038 2116
4756 742
2831 5098
4735 2450
4735 2613
2818 1513
1753 5625
1832 2984
3611 4452
2848 3688
2848 3349
2848 4931
4041 2375
3826 2019
3826 1224
4305 3142
5580 2465
4542 4189
2673 4409
2106 2331
2106 1738
2106 1414
516 4766
1754 681
2432 5440
1802 2521
2115 3798
4075 4906
814 2762
4629 5197
3359 3875
3706 3363
1097 5144
1097 3923
3353 2274
3353 4339
3353 3754
2980 351
1717 4472
1717 2447
4046 4869
1676 1708
355 5313
870 1007
1555 209
5407 2769
5407 2648
4263 683
97 2353
3659 2292
3659 3807
3375 912
303 5586
4317 2053
2639 447
5466 942
5044 4354
4049 2482
4049 835
5658 4774
5658 3693
4399 1926
3132 1508
3132 1429
5479 5601
4479 1106
1850 2907
3833 1061
3833 5616
5324 3020
5324 5552
5267 1448
2024 812
4809 391
1957 1678
1192 1688
3556 3522
3556 5198
3556 2803
3048 3653
313 1112
4147 5604
4064 5479
1912 4904
1116 802
604 3471
604 3275
604 265
1826 2804
4760 994
4645 1294
4645 1837
3655 555
2265 2147
4376 5293
3248 4802
2038 218
1361 4034
2168 648
3954 5274
4687 3359
4687 873
4687 3479
689 2921
2686 1857
3834 3456
5140 93
3737 4169
1615 2397
4885 4686
4885 3900
5613 963
4863 1095
4863 3585
5428 3518
2904 4426
5650 3668
4098 1755
4098 4466
2109 4884
280 5300
280 2898
366 2300
4485 74
124 1418
124 3099
124 3449
5226 1419
4458 2768
1316 516
1316 3362
1707 1581
2373 3108
2373 76
5017 4049
4188 1195
1599 4763
4246 4075
4246 2814
4390 2290
3657 4231
3487 1316
3487 1621
2585 1830
3919 1181
3919 1610
3919 573
828 4699
871 2713
4515 5405
3593 2949
2819 2198
2819 3131
3717 4069
925 272
925 3594
3845 2157
3949 3563
405 433
600 3734
5462 379
5161 2701
5112 4453
5112 4835
2830 5612
3173 3211
2099 4772
2099 3470
2371 2686
2371 1645
2773 572
4208 4043
1447 3911
1447 4755
4273 3062
1630 5506
4495 3319
4495 3780
5441 2477
341 5248
4913 183
3182 5051
3182 718
3182 553
1556 4760
1556 1479
1459 1443
2064 832
2461 2425
2461 2429
726 2906
3477 1732
3477 2193
1852 2028
2089 2505
5036 2818
4561 223
2640 1826
3121 761
3121 4526
3121 2571
3121 2589
2404 888
2404 2480
1423 4303
1423 3357
3348 1065
5215 3081
3140 5095
3140 546
877 3646
877 4267
4186 5067
190 3495
190 2603
5184 4340
3072 3173
3072 1615
3072 3796
3267 3697
791 1947
3117 2950
3117 4598
4469 5079
932 54
1413 3381
1413 4671
4145 537
4668 4307
4312 5044
3823 3769
2128 5554
2128 1587
2095 3324
2095 5623
3184 181
1709 585
1558 2883
1558 2841
2091 3632
4204 635
5232 3424
5232 4042
568 3084
4621 1957
4621 4194
948 3388
948 3028
2216 1680
2216 2383
1541 1133
1541 2434
3026 4063
3026 2213
3026 4602
3026 5145
4085 3871
220 4685
31 4240
4822 2963
5547 4601
5547 1733
339 1137
2876 4621
2876 263
991 5171
5251 1721
4619 61
4619 774
99 724
2793 2109
2793 2029
4498 5444
3145 1996
3145 94
1571 4004
1073 1125
571 3378
571 3
2869 4206
2869 5214
2021 2957
4028 1128
4028 5368
4491 2192
4491 1942
1921 4424
2088 3706
3336 4600
3336 3366
2387 1091
1704 190
2845 1254
4015 5613
4015 4711
4015 230
4015 2903
3114 5251
3342 760
3342 2523
3918 2543
2369 3657
1927 3839
4962 5565
4962 2722
622 2361
4797 1470
4797 1856
4740 1286
245 3607
245 2596
245 3426
191 5534
2390 3660
2390 3473
3739 4879
3153 4626
2557 5310
2557 2849
3771 135
310 3592
2624 2168
2624 3155
5576 5548
1011 5284
3285 36
4606 1591
4606 836
2986 1848
577 3617
4153 4040
5099 4000
4585 3416
2281 4561
2281 2517
2656 1136
1298 1952
3986 3845
839 3855
5374 3248
595 282
595 41
305 4247
305 4646
305 4157
2172 2988
2172 4715
2172 498
2172 409
4649 4841
2448 698
2448 3161
2448 2893
1528 865
2177 466
2696 292
4529 3414
1001 1785
4039 1044
3193 1576
3193 2240
3193 2035
4787 2639
4787 1113
4787 1050
273 1420
4271 3271
4271 2507
4271 3972
3281 791
3281 2749
4550 2391
424 2379
424 1276
4815 1347
4815 2235
4815 4007
4815 3277
1620 1990
3785 920
1780 1168
3016 4944
1186 1267
2484 3262
2484 2352
2484 4861
4845 1186
234 568
234 3822
1177 2088
1177 4498
1177 1407
1731 5509
1731 2266
1731 180
4832 4681
4358 1774
4358 710
945 1858
4264 5370
5523 2976
4957 1575
4957 1561
2215 1623
2320 1695
547 2106
547 5455
5229 4273
5229 561
4251 966
4251 1982
641 2736
5406 1628
2294 2708
2294 1417
1503 3318
5328 689
5639 599
5639 4866
1770 155
608 3690
608 4258
488 3954
1935 4989
4441 5254
3925 1321
3925 2509
3925 879
1387 3477
1387 5659
4892 3833
4892 3429
4892 2994
301 2498
123 3165
1540 1192
1540 2488
2650 3098
2650 1445
3130 4323
2333 1711
4507 192
2417 4825
3616 4735
3616 3323
5204 3689
1794 2490
518 571
2622 4962
2622 254
1613 5155
2645 2750
3400 2646
3400 5336
4167 2368
1324 527
1324 5218
4489 4629
4489 1527
3365 68
1428 2172
1428 5068
5526 4744
5526 4972
5526 805
1865 590
4605 3072
4605 4208
4605 1087
4221 4569
4221 3373
1015 3126
4521 4809
2995 82
2995 5022
5544 349
5544 2469
5544 215
2942 3853
2127 1182
2871 4085
2871 2046
373 33
5600 5139
5381 861
5381 627
5381 3438
3317 3197
3317 2372
3750 2511
3750 3804
3750 4942
3747 3026
3747 3596
1311 4078
609 2848
609 3060
364 5448
364 3984
2285 383
2135 4149
4122 5501
4293 5352
4293 907
4293 3904
3396 3050
866 3600
4184 4668
1701 1762
3474 2149
2093 2018
1974 3526
1974 5314
1974 625
2354 5505
3475 4524
5446 1598
2878 3184
2878 5408
1923 4821
2866 531
2866 2180
1861 4112
4368 3441
4368 2104
5614 303
5614 1283
5142 5278
1946 4292
1464 529
4327 979
3529 2078
3529 1122
680 5458
1269 2108
2772 90
5582 1676
5582 2339
976 1388
1003 462
2254 2981
2254 2367
260 99
3692 1620
3692 5088
3692 3812
3298 5510
4582 1644
3644 3500
3644 5531
3999 4423
1896 2674
1375 3926
5669 3849
4676 1890
4676 885
4818 4255
705 5532
3595 5642
1496 306
1496 1800
3630 1496
3630 5555
998 1327
946 925
946 5325
5256 3735
5256 5161
2211 4312
2211 528
3091 4787
1310 5039
765 313
4570 600
4570 2148
1945 2831
1945 3290
5199 5205
2273 5267
2273 2389
496 4271
3253 357
2121 310
2121 602
3095 3784
3095 3231
1943 1913
4551 3709
985 2282
985 4504
1085 332
4586 3852
3758 105
4535 1556
2105 4188
2030 5551
2030 4404
4664 549
4026 415
243 1409
4318 3240
4318 4603
3601 4593
3601 4006
3601 5011
788 4489
788 4220
3462 4002
2699 2099
4512 5462
3187 2064
3187 3066
1103 3285
1103 5032
430 864
2504 3475
5120 4503
2553 4678
2553 4938
4803 3949
2924 4683
2924 5667
2924 2304
652 1541
652 2005
4826 1401
3482 2417
3482 2827
5164 641
5164 376
5164 4978
919 275
919 132
919 4278
3491 3925
3491 4557
3491 5571
813 4332
1155 652
1155 4510
2140 5003
3412 1896
3930 5262
3930 5435
3930 5593
3816 1780
3816 2914
2947 2153
2947 3918
2947 2729
2947 3640
857 1015
857 3413
857 1302
857 3793
5224 91
4182 604
4182 3887
2226 4815
2226 3903
4695 2074
3199 1852
4698 757
4457 2376
4457 3178
4457 2096
2888 4291
2888 3959
2888 3786
4806 5639
1866 2904
1866 403
4200 1599
4200 5580
4200 4199
4200 1148
4200 4380
4946 1726
4946 3654
4077 932
4077 3341
3009 5286
4538 4338
2449 4280
2449 2966
2449 3861
4554 5650
2810 3313
702 4130
1127 3774
4998 3411
1042 3834
1042 1292
1042 2252
4633 1085
5087 884
2542 989
2542 934
3712 2969
324 4492
324 2203
3405 4005
3183 3953
3741 3635
3702 1866
3702 2177
3702 4982
2778 1937
2778 2902
2778 1444
3418 2924
3418 1779
5306 1707
1306 706
1306 3507
1306 2562
4782 3121
4782 1314
3367 2201
1823 5614
1823 3566
5180 4256
5241 1566
3583 2677
3583 3048
3583 1455
1601 3700
3299 4325
3299 3051
3299 882
3299 325
4328 5149
1918 3986
3811 4079
3817 1979
431 1701
504 3317
504 227
18 312
18 4417
5607 5219
3301 4175
3301 4918
2506 3337
2199 560
4737 1540
4670 8
3284 2281
3284 3033
5182 3137
5182 3436
62 4304
4010 2437
4010 3171
4253 431
4253 3267
2716 2828
2716 1543
1043 2369
1043 968
1043 3497
400 3264
400 4817
3075 2670
3075 5451
4044 1684
3162 547
4227 457
5569 3583
5569 4026
5569 3658
5569 3977
5569 3575
295 3723
3815 4184
1811 4736
4599 4857
4599 2877
2802 1630
2802 3915
1193 796
4262 75
4688 601
1383 5226
1383 4046
1383 2835
688 274
3191 2911
2200 2132
3966 2169
5402 2931
5402 4784
4709 2121
4471 3609
4723 4902
4980 3538
4980 3867
4094 5407
4522 4122
4522 488
4522 4722
4522 3410
3791 1053
1603 1530
3628 4264
3628 935
3052 3182
3052 2759
3052 1208
3052 3901
4166 3193
4166 5517
4166 5633
5089 1152
4590 1193
1941 1179
1533 3826
1533 5318
1533 2061
2408 2939
3087 828
3087 4729
1000 5491
1000 4319
4560 333
821 2669
821 931
821 1834
1156 72
1156 3551
2141 4262
2141 3106
2141 5348
2141 4090
3574 3946
1416 3316
1638 5377
3385 914
3385 5177
3889 3325
3889 3052
3889 360
4839 1870
4956 308
4587 1882
2322 3011
2322 5307
1845 782
1370 4172
2934 350
5246 5173
2623 714
2623 1524
2623 2754
2623 3420
2623 1991
2623 1716
3476 5148
2998 5292
2998 3295
690 1447
690 2846
85 3273
85 4559
85 286
85 1920
4455 279
4455 905
3762 4885
5146 14
65 4129
3910 140
3910 2583
3910 1842
5610 2628
5610 4863
4992 690
4992 808
999 5028
4527 3015
4527 5450
5074 4413
5074 5187
3973 5164
3973 4919
720 1144
642 4964
4445 5473
2595 3981
4442 1811
4442 2557
566 1781
647 4567
647 2766
647 2892
1685 4845
1685 2643
2641 3114
2641 4429
1454 2423
1454 3928
3732 2181
3732 4502
3732 2485
5118 1375
1199 4444
1199 2343
4425 5112
4425 2293
5558 4771
790 4586
4087 1704
3708 2579
3708 3035
3708 173
3708 440
891 1403
3064 2876
1358 217
1358 196
1358 1976
5 1421
5 676
4575 2022
1786 3023
1786 3975
3268 3844
3268 3446
3772 4070
751 541
751 1323
5297 3421
2839 4670
2839 3358
2839 5394
2839 1484
1535 3484
1535 1397
4108 5260
4214 2539
4214 2105
4214 940
3944 5299
497 1816
497 3692
497 3851
4047 246
4047 665
2365 3397
2365 5511
4592 1273
4592 5518
1849 1392
617 3012
617 1521
4226 4550
1329 3703
1712 289
4868 998
4868 81
967 2553
967 1310
5203 5485
4565 1754
4565 3746
1473 1927
1473 2590
4053 3400
4053 4614
5591 3906
5266 1984
3185 3528
2725 5575
4365 2927
4365 451
4365 1981
4394 1970
4394 1324
4394 1832
4394 4731
104 1353
4694 1962
3044 3685
3044 512
5108 2004
840 2514
840 1098
3782 5354
3782 671
862 3009
862 1602
862 2311
1570 1488
1570 2017
606 2640
3537 30
3537 3257
4882 814
4882 1288
1450 5469
1281 5156
731 2623
731 2245
5015 3711
4680 497
4270 1921
4270 1925
1656 1803
1656 5052
1656 1268
1656 3686
3778 2440
4732 1001
4874 1339
4874 5673
3177 5425
2780 5374
1694 485
1694 2227
1694 2319
1694 4648
1694 2071
1295 1808
3090 4039
3090 454
2374 2294
2283 4087
2283 2503
2283 1097
2283 3604
5138 1459
5138 5234
64 2315
1608 5530
389 4910
389 2439
389 4971
490 3650
4609 3284
152 2568
749 3656
2221 3889
2221 2862
3309 1446
1679 2668
2763 5087
2763 3930
1958 3310
1958 2340
421 3194
4544 5346
4856 632
2430 4458
1658 3453
1658 2721
3236 3432
1573 4642
1573 3501
3627 2595
1742 4956
1742 2030
621 4487
621 768
4894 4318
4894 5185
4894 4608
2742 1049
2742 4769
15 2158
418 2928
4142 400
4142 4782
4142 4657
408 1041
1775 1539
4308 3732
4308 1697
1967 3489
1967 2747
3850 245
1262 1056
1262 5169
4057 3249
4057 4310
510 785
1250 4365
1250 813
165 4868
165 2114
165 3611
563 4482
3352 3085
3483 2457
3483 3626
3483 1989
3483 4147
3040 3548
3040 628
4795 3630
4795 1928
2787 3418
5468 984
2279 2919
5541 4899
4511 1209
2000 4080
4192 849
4192 1659
660 1528
660 3872
660 4151
3230 1068
4378 2384
4378 4570
4378 3234
4663 1533
4663 3017
1859 1395
1859 42
1490 3399
1490 2039
1490 4830
4690 2226
4690 2093
4690 5222
5230 5297
5230 1692
3516 4529
3109 5043
3109 5024
3109 291
3109 4355
2858 266
2160 4227
3283 4551
3013 1263
990 5468
4072 2333
4233 1859
4233 1080
4233 2051
4233 84
674 3281
674 677
674 4287
2247 3941
2247 2789
4662 1960
1590 2716
1590 3423
1368 408
1368 5414
1368 283
687 2371
392 4943
392 5677
1980 4698
1980 5496
3613 765
467 1387
467 4801
2502 510
323 4467
323 3158
4967 4743
996 504
996 702
996 2387
996 3976
3943 4665
567 1393
3590 850
3590 20
2335 293
5211 3627
5211 1788
5283 4127
3929 3268
3929 4205
3321 5441
3321 5289
3770 5499
3022 4892
395 3330
4407 1257
3322 2622
3322 2225
3322 5060
3322 3361
3512 3817
3512 4538
3512 5362
1354 4180
4170 5662
4033 4096
4533 3628
4533 4025
2309 2836
2767 2404
2767 5514
2767 500
2767 2307
4148 4376
4765 4528
4765 3300
4765 858
4765 744
1260 2619
1260 4212
3847 3375
5129 563
5129 2446
569 4599
569 354
4738 3791
4738 5663
5617 4390
5617 355
5617 121
1973 2021
4017 5378
4017 4105
4017 3329
3144 4507
3144 1995
1391 4432
1391 5268
1046 2496
1046 4353
442 4358
442 951
442 2600
442 2516
3662 991
2194 4856
2194 3016
2194 1802
4116 1588
2131 1259
2131 4656
2131 4742
1210 2222
1210 5546
1210 1498
2126 5406
5004 3712
5004 299
5004 4987
5004 634
3143 3181
3146 2494
3610 2695
3610 3504
5418 3054
3768 4565
3768 4624
993 328
993 1404
2929 2162
116 2845
116 5349
909 1000
352 1320
4322 18
4322 684
474 1806
474 252
957 3125
2651 4925
1862 1368
1642 1480
1662 800
1512 2160
1512 2426
3580 323
3580 2620
194 807
194 2891
194 4545
740 4655
740 3842
740 2254
649 1464
649 3166
1617 3095
1617 845
1617 146
1617 1436
2990 5329
5020 4587
3463 5366
3390 3848
3390 2552
3940 5503
4179 4221
4179 4345
4179 4847
1686 2135
4618 4592
3932 1210
3932 1943
1759 4186
1759 4195
2159 946
2159 5339
847 1796
847 2660
847 4660
847 5478
3346 2335
3346 5526
3346 4568
1741 4521
1741 2275
1585 1625
1585 2843
1893 5086
789 1262
789 1685
789 2786
1301 1199
1301 1722
1891 2269
3403 667
3403 5290
1348 5670
3898 1945
3898 3077
3898 2395
5620 1217
5620 642
1745 2247
1745 2942
1146 64
1146 2564
878 3716
3645 3261
756 5610
756 4290
756 3041
3578 2524
1904 3773
5644 4179
5644 2799
2424 838
4437 1590
3499 842
2086 3427
2086 29
2086 4140
933 518
933 4832
933 1931
933 5279
969 5188
5618 2788
5618 4119
2938 1291
5672 1613
5672 4276
2541 1653
487 3109
103 5202
103 862
103 505
103 5301
662 27
5304 5520
5304 3673
372 996
372 4301
372 4615
3124 2531
1089 3838
4959 225
4959 1915
3864 4957
5439 3858
5439 4235
268 2871
5533 424
5533 1026
2068 2166
2455 3117
267 67
267 945
2103 1433
4396 1535
1028 260
1028 4360
2358 5522
2358 5159
2358 4152
3343 4826
3343 5014
290 749
290 4381
5303 3691
5303 1568
5303 4060
5303 2860
5303 3002
1486 3601
1486 4505
4374 5464
4374 3599
4374 1822
1885 883
2604 5629
3799 4471
2474 3445
614 2103
614 5533
614 2386
4406 993
727 1745
727 2285
727 1563
1728 104
1728 2484
4932 1114
4499 4378
4499 4077
250 3128
4677 2355
4677 1434
4677 5103
4677 4728
425 870
4201 2725
4272 3768
4272 4394
4272 2481
4272 4799
717 5030
717 919
717 1078
733 3368
1756 3644
1756 3428
1756 2682
1538 522
2909 4981
2593 3547
2593 4260
5585 4154
5585 699
2520 4053
2454 3321
2948 3022
5628 2373
4864 5004
4864 4200
4864 5587
509 3162
509 269
509 5105
804 2855
804 2318
2256 5558
2256 4238
4750 3778
2662 2276
837 4694
837 429
4009 985
4009 5581
4009 5671
1495 486
3384 4913
3384 1713
3384 1641
708 1851
3030 3005
3030 4113
3030 3655
715 1454
715 4756
715 1248
4408 2042
4408 3442
4408 3110
666 5620
666 3939
2652 1969
4749 1555
3530 3814
3530 168
5050 5118
5050 4977
5050 280
2332 2430
2492 955
5163 3169
1597 1101
1597 4807
4480 2408
4480 1611
3962 1973
3962 4084
3962 2594
2718 1737
4886 5591
3624 3463
3624 3532
4934 859
5311 4511
5311 735
1876 4139
1069 1761
703 1313
703 2400
703 4490
4209 4701
4209 5235
5276 717
1093 5438
1093 1034
1867 4695
2255 2034
2676 5146
2676 5544
2882 5249
1345 1662
1345 3737
1345 4314
1345 5666
5005 4167
5005 1361
5005 202
5005 4788
822 1790
422 3334
2178 3299
2178 1441
2178 2761
2178 1765
542 464
200 1100
200 4634
4767 692
4850 1622
4382 2998
3874 2742
3874 4251
3874 1366
1651 4894
5410 114
5410 2659
1167 5547
2936 4387
445 1901
445 4996
1175 2657
353 2989
353 655
2014 4499
792 680
2473 2117
3620 5178
3620 2540
1624 422
1624 4098
1624 851
4428 4539
4124 2662
4124 4618
4391 4509
913 3115
913 5256
913 1619
913 2798
913 876
1474 5048
1474 4279
3439 5050
3439 2016
4552 1582
5063 661
2087 2731
22 3704
2608 2542
795 913
3736 2345
3736 4094
3736 938
1300 3322
1300 5288
1300 348
1096 2882
1096 5306
1096 4617
2464 3512
2464 790
2464 2197
1769 4692
1769 1140
3759 2455
3759 5386
3089 3462
3089 5669
3089 5600
3089 2020
3089 5176
3089 5002
3046 487
3046 235
4834 4746
5294 2537
5294 4491
5294 4204
5294 618
1864 3940
1218 3636
4372 2520
4372 2221
4372 3253
4372 3523
2094 3403
2094 2773
2094 3909
1188 852
137 4162
468 2905
2680 3263
4011 5644
4011 5273
4011 1131
4011 3529
4011 2979
1838 3367
1838 3482
1838 3348
1838 1514
1838 2740
4008 2782
5127 595
1020 2676
1020 3405
1020 5527
4269 3045
450 4308
450 3944
4111 5328
5097 3771
5097 4540
4210 5402
4210 4044
4210 123
4210 3339
407 789
407 382
1274 3365
1274 1406
2941 4946
2941 319
723 2986
723 5252
3914 4882
4643 4585
3088 1573
1703 4372
2406 999
5656 1350
5656 2359
5656 620
5656 2415
1791 5585
4555 4959
4555 1980
4555 2427
2733 3499
2733 878
2733 2987
2533 427
2533 2419
3503 660
3503 821
3503 5372
3950 4818
3950 2995
3950 31
4990 2533
4990 3153
4990 97
2606 2421
222 4479
480 1175
480 3186
480 2436
1472 525
1472 1844
3767 3333
3767 1665
3767 2313
4306 793
4306 368
3008 3828
2954 3568
2123 2886
2123 3382
1305 1577
1305 2890
1636 1647
4019 4779
3203 5668
3203 141
3122 137
3122 3645
3122 100
3122 2349
3122 5281
1039 2763
4508 3684
4508 2528
2992 4407
4386 2780
4386 2297
5470 4864
5470 1571
615 3490
5515 4795
5515 4637
5515 4915
5515 556
2236 4374
3274 2685
3274 1758
755 1218
2824 1305
2824 1608
2824 4196
2824 3107
2824 762
4450 567
4450 341
4450 1938
1059 1879
5070 4961
5070 1416
5070 3595
4675 324
4675 3659
4675 5057
4675 2930
954 5579
3156 3759
3156 234
3156 92
3156 3598
3156 3597
3156 2922
4777 1629
4777 799
4250 1311
5665 1651
5665 5675
5665 3201
393 1219
2776 4148
2776 630
2785 1501
4265 1756
5091 2824
5091 5194
5091 2916
5091 5128
2058 3090
1378 3283
1378 3265
2567 1679
2567 2873
1526 2374
1526 3338
1526 916
721 554
758 3199
758 4123
4102 4645
4102 844
256 5042
2133 5607
3204 39
3204 1500
1396 3910
1396 4687
261 3999
2728 5561
142 366
1977 5009
3800 2256
3800 4201
88 609
88 1868
5373 22
5373 4620
5373 212
739 1010
2973 3799
83 3390
83 1252
3467 2858
3805 1893
3805 973
3805 1290
1287 4253
167 5199
167 1003
167 1974
167 1126
2899 2569
2899 1013
5657 847
5657 4674
2249 751
2796 103
2796 745
4704 468
5335 4317
2752 739
2752 2236
2752 3189
2752 4309
5467 164
5157 5097
5157 5539
5264 3032
5264 4198
2951 4512
2951 5356
4871 3145
4871 2975
1369 1658
129 5276
129 2645
129 2712
129 1936
129 2049
129 5080
5631 4010
1363 2852
1363 156
1357 1503
4121 290
4121 3612
4121 5175
226 2624
5655 1250
5655 2614
5655 87
5655 3496
5655 1818
3931 3430
1705 1862
2664 4834
700 1846
700 5343
3809 2322
5409 2567
5409 2365
5409 3764
4960 2467
1439 1956
5595 1853
1878 4402
1878 4935
4420 1867
4420 5573
5315 2658
5315 4873
519 2224
3971 2753
3971 3947
2134 2126
2134 1227
2134 4412
1194 4047
1194 4451
986 2545
986 4125
778 544
778 130
5309 4980
5309 1596
238 5005
238 1048
3007 3064
3007 66
4745 414
4745 2095
4745 26
1471 4990
1471 3741
1471 5513
1471 2040
1471 2362
1342 242
3154 3736
3154 4712
5391 5296
5391 3149
4298 967
4298 2257
4298 3763
1465 3296
1465 899
886 2424
886 1891
591 809
591 3870
2588 3040
3705 4853
3705 346
3705 517
3093 2692
1349 1934
4134 256
4134 5322
2119 2679
2119 5646
2119 2298
2119 3468
4814 3781
2023 4161
5010 5119
2822 1985
2822 4275
941 5658
941 658
941 5319
1108 3821
1108 5223
1953 2612
1953 894
1953 1699
1081 4146
1081 1281
1081 4445
1081 1764
4128 5304
4128 273
4128 3353
1965 5665
1965 3097
1965 3074
1534 1682
1534 261
2667 5439
2667 2661
2667 2410
5259 5636
897 3707
50 2926
50 5493
2771 3967
2771 5582
2771 4249
2771 277
574 226
574 930
4714 3124
4714 3014
4714 2630
4431 1094
2075 393
2075 733
2075 1364
2075 1574
2075 1183
4963 5207
4067 4174
5082 3315
3933 780
3933 3540
781 3751
781 4546
4831 2652
4831 507
4747 5628
5654 5335
5654 3782
5654 439
326 4495
326 95
326 983
326 3840
922 1055
3260 2796
3260 1423
3260 2901
3260 4217
3260 3752
3260 1545
482 2432
482 779
4405 63
4405 4313
1336 3988
1336 3394
1336 2530
3269 1642
3269 3747
3269 5305
4813 2262
3160 1155
1579 2973
1579 3455
1579 1972
2617 5264
4991 3642
4991 1298
2268 4704
992 52
2844 73
4897 467
4897 3491
4897 5472
4897 3138
1206 539
4908 2992
4908 406
3018 2888
2090 816
2090 4741
5630 2442
5592 3487
5516 1159
5516 4272
5516 5203
5516 3229
5516 2779
4288 2948
4288 1380
5041 4610
5560 3997
298 875
1932 1883
1932 2900
3250 2131
3250 4464
3250 1537
1871 4960
1871 2329
3710 5549
5265 3537
5265 3823
5350 2608
5350 1301
5350 5418
5350 4457
1604 2699
960 740
960 4328
960 2156
960 503
1736 1025
1736 4947
3731 4265
3731 4485
3731 2879
3731 453
3719 2314
3287 2588
3287 2837
3287 4108
3287 3227
3618 566
3618 374
784 649
4341 3610
4341 138
4341 3922
2370 1794
2370 4652
2370 2499
3129 519
3129 728
3681 465
3681 3666
4639 2822
4639 2671
4639 874
436 3565
436 4803
317 2651
317 5632
3374 3046
3878 4936
2597 4037
3742 532
3742 455
2625 1303
1119 5034
1119 5033
1727 5410
1661 5523
111 4767
111 116
69 3513
3031 3719
3031 197
3031 3452
4092 1057
4092 1240
2444 4827
2259 378
1312 2513
638 1632
638 1597
638 4389
5357 1897
5357 2120
5357 2041
5357 2277
5357 2711
1783 1116
2270 4816
2270 3038
1778 675
5588 5316
3305 70
3305 495
3305 16
578 5211
578 798
578 5375
578 493
2642 2422
2500 1287
2500 4590
2500 5570
2813 5041
2813 3914
2813 2784
3776 1650
3776 1912
3958 3401
3958 674
3958 1384
4644 3602
4644 4371
2164 3031
2164 2606
2164 621
2164 5089
1483 722
1483 1092
1483 5179
4388 2483
783 502
783 3419
3163 407
3163 1338
3163 3648
3163 416
3163 17
5210 3498
5210 1021
5210 3226
89 3068
89 4975
2393 4533
2393 2688
2565 3163
2565 200
2565 1024
4435 1348
4435 381
3276 1205
3276 4969
3276 1557
3276 4268
2591 4269
2591 3835
2691 5182
2691 633
4896 2137
4896 533
4896 4029
2280 2941
2280 364
2280 2478
2280 284
2280 2634
2280 2471
53 5311
53 1906
53 3207
53 1881
390 3809
508 1439
508 1869
5521 615
5521 4689
5521 1847
4462 2887
4462 418
4462 3802
4895 3132
4895 1549
4895 1637
3651 5465
3651 1398
3651 3447
3049 3100
2170 767
2700 2649
388 909
388 359
651 1103
651 734
2113 4386
2113 982
4718 4580
4718 4017
4718 5569
2815 4896
2815 1821
2815 5138
1029 5326
1029 5071
5345 5063
5255 345
5255 1180
239 721
239 5358
239 28
239 4992
4236 1089
4236 2535
3344 534
3344 3177
3344 4941
3344 3866
540 908
540 3478
294 4727
548 3260
548 3087
548 1605
548 1246
548 5393
3881 1769
3881 3003
1710 2954
1710 3951
5016 1123
5525 2354
3133 1008
3133 3364
5648 2000
5648 46
5648 3524
5648 4824
5648 4566
5648 1487
369 1570
369 3185
411 430
411 1929
2244 2090
3987 3369
3987 1011
3987 587
2915 4709
2915 1968
3755 3971
3755 3309
3755 1522
669 3237
669 4542
2378 5265
2378 2527
4203 2259
4056 4500
4056 4726
4056 4791
1652 3075
1652 3130
1652 2085
1652 1698
5054 4640
5054 5038
2774 5409
2774 5258
2774 1486
2774 5347
2774 344
3079 976
5568 3757
4083 2680
4083 5108
4083 1719
1233 5664
4984 5529
4984 4876
3086 1156
3086 3279
3179 142
3179 1694
3179 85
856 1370
856 3579
3908 2309
3908 2428
971 3613
971 2413
971 1827
4364 1512
4364 900
3157 4664
3157 1949
5066 3156
5066 1505
3398 4128
3398 3230
3398 3116
3425 1349
3425 1538
3425 3836
3425 2076
5102 1378
5102 4091
5102 1728
5102 5006
4061 3093
4061 3439
4061 4232
2013 860
1309 3089
1410 5180
1410 2587
1242 1474
1242 933
4065 2038
2111 856
4659 622
4659 5376
1499 3176
3331 3569
3345 1499
7 4643
7 1523
7 5426
7 4625
5481 3770
5481 1640
3379 4215
3379 2486
5269 4102
5269 1426
5269 2933
4553 2813
4553 526
4553 1362
3042 3123
3042 784
3042 4871
2647 5608
4805 3018
4805 2522
5647 474
5647 2402
1075 1242
1075 1058
1075 413
3827 731
3827 188
3827 3905
3827 2219
3827 5166
2010 496
2010 4327
2010 4305
5075 5210
5075 574
4796 969
4796 2115
4796 803
4796 2470
4132 5340
4132 1775
4132 15
4132 3183
4132 5277
5104 4008
5104 4165
4439 326
49 1845
5412 1705
5412 109
902 3154
902 3590
3679 577
763 5221
763 5153
2230 990
5114 5412
5351 5096
980 4296
3830 2636
3830 1646
1138 420
1138 1529
1138 1875
3795 2199
3795 4820
4219 5230
4219 4840
5353 1074
1593 5647
1593 3881
1593 5031
1593 952
5059 390
5059 3360
5059 3346
5059 4072
5059 4575
5059 3587
3350 184
3350 3412
3350 4696
5152 1142
5508 4916
5508 716
2092 5255
2092 2358
2092 205
2092 4887
1285 5631
1285 896
3854 4765
3854 5431
4881 1727
4881 776
2730 2728
1063 5010
1063 177
5361 1634
2008 4118
2008 2897
1494 3091
1494 4086
1494 1506
1494 79
5488 4250
5488 4939
3701 820
3701 1172
5040 198
2073 5654
4616 4908
4616 2839
4616 4519
4616 1066
4616 3119
5007 2687
5007 2642
5007 1035
5007 193
5007 5367
5498 2575
3724 4379
4854 5588
3198 458
3198 666
626 2468
3543 3080
255 4862
4193 1603
479 5467
479 723
479 2476
479 1702
2727 442
3168 1108
2264 2092
2264 922
2264 4747
2264 715
2264 3146
2264 2853
1894 1201
656 2508
3376 5445
2644 3931
2644 3380
2644 659
4666 4071
4666 1043
4666 5224
356 1703
2704 1933
2704 1009
2704 3996
583 3042
583 53
583 4991
583 569
5486 3311
5486 1863
5257 5541
5257 4609
5257 4562
3102 1823
3102 3561
3102 1047
3102 1917
4014 5066
4014 5245
3151 4734
3494 4552
5355 1861
5355 608
2118 1363
1275 2980
1196 725
1196 2830
1196 1648
4851 839
4851 2757
3801 2119
3069 3160
3069 3467
3886 2272
3886 1941
3886 3159
3639 4872
3639 3342
3639 5637
2881 4435
2881 1908
729 1369
2228 2696
2228 4469
2228 726
1027 889
1027 1295
1905 4191
1905 538
2344 490
2344 3970
1751 2230
1751 187
1751 298
1751 4928
1751 2265
1751 5055
1751 4418
1751 2299
3961 3474
3961 4411
978 3151
978 3157
978 4739
1145 2279
1145 4839
1145 2684
1145 3206
1145 4399
1132 4967
1132 3917
2592 3372
1222 4851
1222 3164
1222 224
1222 3118
1609 5283
1609 1547
1609 3417
4829 3516
4003 4428
3039 2123
3039 705
3039 5192
2296 4777
2296 775
5433 3558
5611 3908
5611 4392
2910 1284
3222 2936
3222 1073
2611 4813
2611 2504
2611 5200
2611 4299
3192 2611
4447 5433
1681 2909
1681 3898
1681 691
1681 2398
3863 1220
3863 1374
3406 152
3406 276
1160 4032
1160 2401
3520 520
3520 3980
460 5353
460 3772
460 732
1854 2118
1854 489
2621 5158
1333 2604
1333 2573
1333 4867
419 5229
419 4622
1365 1342
1365 2474
2959 758
2959 2990
3377 2597
3377 5020
3377 747
3000 1712
631 5389
631 1497
5312 3805
5312 158
5312 118
654 1520
1203 694
1203 1299
1749 5481
1749 3103
1749 701
481 1517
5117 5345
5117 3924
5117 2978
2308 1075
2308 5320
2308 5576
2308 4448
5240 881
3083 5228
3083 4294
404 4003
491 3731
491 1020
5190 4582
5190 1673
3582 2246
3582 1412
3582 4051
5398 2959
5398 4223
258 1661
258 1801
258 1256
258 5000
4530 3801
4530 1093
4530 3956
4530 3739
4530 4926
4530 3188
4530 4055
4684 1905
4684 3215
1747 2733
1747 2346
1331 2234
1331 1352
1318 5594
340 3978
340 1124
340 1197
5337 1481
5337 564
5337 2284
174 2730
174 578
174 1069
174 3785
394 5017
5136 5559
5136 69
5136 5129
5174 508
5174 5624
5174 3841
4804 111
4804 3713
2196 957
1054 4705
5239 4065
5239 4442
5239 1743
5239 1355
3888 2435
5528 5589
5528 434
4183 2625
4183 598
3180 1504
3180 2175
4719 411
4719 4462
4719 2771
4719 1357
4719 5419
3661 2013
3661 2500
3894 3679
2303 166
2303 629
5126 626
3216 1854
3216 1127
2572 4530
2572 1778
2572 5315
2572 3235
4548 3683
4548 2673
4548 2631
3921 1747
3921 4210
3921 4527
4336 1472
4336 1601
4336 3187
2031 3192
2031 1958
2031 2448
182 5303
182 3593
182 1451
5181 4508
5181 1450
5181 2089
562 2689
3134 3884
3134 3465
1165 1312
1165 5596
1360 3549
1776 2414
1776 5661
1478 1709
1478 1032
4920 2347
4920 2204
342 3894
2638 3973
3392 4684
3392 788
3392 3938
2501 656
2501 1757
1724 3305
1724 4322
1724 840
1724 2047
1724 5388
3431 4092
3431 3810
3431 2268
3431 5204
5652 1724
5652 3863
5652 3503
5652 3982
3254 1029
3254 4388
3254 1088
3241 3113
3241 3443
2044 3039
2044 5183
2864 4382
2864 4554
2864 4573
2864 301
2864 5287
1169 2515
887 5512
887 1843
887 1304
887 5184
887 5037
2945 2445
3094 2727
3094 1998
3094 2993
4914 2506
4914 2466
4101 1681
4101 1214
4101 5622
3209 941
3209 3800
3209 594
3209 3714
3209 4547
611 3808
611 1354
611 2283
3860 2270
1475 4666
1475 1894
1475 3140
5151 3425
5151 3398
5151 4368
5151 3576
1567 4805
1567 5016
1567 389
1567 647
1567 322
3239 294
3553 3331
3553 239
3553 542
3553 3336
3553 329
4733 2031
4733 1222
4733 2140
4733 1107
4733 4252
5049 3553
5049 2551
1988 1318
1988 3459
1988 373
1988 3643
2248 4662
2248 4740
1583 2054
1583 4596
204 342
204 4383
204 1939
2260 1478
2260 2932
2260 107
4030 3079
4030 5630
4030 243
2609 1483
2609 3385
2609 1763
4104 644
4104 3825
4104 327
3877 2767
3877 964
1243 4061
1243 1953
1243 2418
1377 1425
1377 4396
1377 2709
2364 783
2364 1356
2364 5379
5619 4979
4997 2073
4997 1309
4997 5459
4997 3354
4997 5674
4997 5189
4997 5116
3292 2228
3292 361
3292 586
5206 3717
5206 5471
3832 638
3832 3409
4446 5525
5327 4401
2338 703
1880 2864
1880 3864
1880 1935
2775 1226
5566 2014
5566 3440
5566 1753
5566 2842
2526 4288
4702 5611
4702 944
2809 4246
2809 4985
232 3343
232 688
570 971
570 5309
570 2079
3896 204
3896 2621
3896 902
3896 4644
754 4286
4890 3067
4890 806
4890 5463
4785 1236
4785 3530
4785 1146
4785 3787
4785 2489
469 3701
469 1771
2072 1322
2072 2697
5384 3878
5384 1269
4781 614
2549 1534
2549 2585
2549 2218
2549 1071
1696 83
1696 4607
1696 4463
3629 3030
3629 4097
3220 176
1578 481
1578 5524
1578 396
4541 4315
2705 562
2705 4088
2705 5641
5160 1578
5160 5597
5160 2325
4953 2644
4953 5070
4953 3396
4953 2817
4953 1627
1170 509
1170 1677
1170 4135
593 5101
593 2278
593 3934
3935 356
3935 237
472 5337
472 295
841 1636
841 2840
841 1675
5461 3204
5461 5638
3082 3843
3082 2342
3082 2650
3082 817
2795 5508
2795 5656
2795 4480
2795 4968
2795 3815
3135 1145
1402 4890
1402 3651
1402 4170
1109 1669
2607 4636
2607 5333
4880 1631
4880 460
4880 2743
4880 5140
347 1153
347 397
2870 4854
2870 755
2870 2534
5122 778
5122 4998
4016 871
3224 5486
3224 591
1633 5266
1633 134
1185 2934
1185 2161
911 1027
911 1063
911 2164
1457 2111
1457 44
4421 3888
4421 4377
3306 1170
2433 4111
2433 1759
2433 1449
2433 3112
4481 3992
4481 3933
3682 3179
3682 4633
3985 384
3985 3652
2238 1585
2238 149
2238 3245
2854 5040
2854 5141
2854 3195
4074 1300
4074 3308
2908 770
2908 1948
1560 3929
1560 3236
2851 2217
2063 5521
2063 3047
2063 2366
2063 1415
2063 3356
2756 5059
2756 4917
2756 2758
2726 5568
2726 2866
2726 3964
2726 2317
3228 2665
3228 1204
4171 1992
4171 2895
3208 1054
2251 3345
2251 2122
334 479
334 880
2874 5566
2874 255
2874 2280
2874 3811
2874 1918
4257 3384
4257 372
4536 1372
4536 3856
737 1329
737 5432
2548 1652
2548 4797
2548 4577
5399 4829
5399 5498
5399 3393
1902 5515
1902 370
1546 3995
45 3216
45 5232
45 2431
45 4302
4993 5007
4993 1476
3614 314
3614 5282
4248 3389
4248 77
4248 961
71 5449
5397 4555
743 4455
743 4737
743 139
98 3724
98 2690
1105 2945
1105 4895
1105 4534
3554 2087
3554 425
3554 5062
2616 4015
4229 5461
4229 1609
5424 2260
5424 1748
320 4446
320 441
4506 3210
4506 5075
4506 2443
4506 4261
2025 2010
2808 1028
4780 2851
4780 2572
4780 3710
4780 2210
4888 2609
3386 4914
3386 4336
3386 700
3386 2772
1430 4780
1430 1546
1430 2454
170 3096
170 5295
5342 2599
5502 2433
5502 4880
5502 3705
1373 583
1373 5364
5590 4616
5590 3276
5590 2502
5110 1624
5110 837
5110 3371
2396 4229
2396 88
524 1138
524 5
524 2547
5213 887
5213 2878
5213 399
5213 2209
2185 2409
5460 1402
5460 3896
5460 3332
1272 3007
1272 1526
3589 3767
3589 1966
476 4781
4843 4257
4843 3255
4843 1167
2723 1360
2723 2647
2723 2826
4725 267
2288 2501
2288 4937
582 1333
3217 4953
3217 3000
3217 432
3217 3883
2764 687
2764 2216
2764 959
3733 4553
3733 395
3733 4909
4516 3208
2125 2607
2125 5361
2125 3143
3623 3175
2703 1150
2703 4439
2703 421
2703 3702
3879 2393
4641 469
2821 4421
2142 5135
1618 2202
102 3082
102 2296
3525 1583
3525 4
3525 3460
1700 5595
1700 4493
5492 4541
5492 4963
5492 5121
4107 5152
4107 1730
4107 943
5013 2854
5013 611
5013 986
5013 330
5013 4842
4531 258
4531 3494
4531 1077
4531 1473
4531 3762
4531 5246
4531 1946
4531 2797
4531 5550
2337 1902
2337 3562
2472 960
2472 617
2472 2024
2472 4923
1839 570
1839 108
1839 117
5436 756
5436 2144
5436 2943
3266 136
2263 4476
2263 5413
3170 5102
3170 4663
3170 4270
3170 126
3170 1836
2964 2396
2964 1331
1687 5106
5535 182
5535 5126
5535 2940
3355 3543
3355 2405
25 5535
2012 4014
2012 4367
2012 240
3570 3832
3570 3921
3570 4693
3570 4182
786 1633
786 3034
786 550
4776 4248
4776 1744
4776 898
4023 1410
4023 3344
4023 1878
4023 2068
1456 2238
1456 352
1456 3676
1456 55
1456 3557
5027 4531
5027 65
5027 5215
1971 4183
1971 5054
1971 5417
597 4628
597 2370
597 305
3581 3376
3244 3431
3244 5257
5678 3531
5678 2006
2958 4800
2958 3578
2958 5233
3738 3620
3738 1876
3738 1824
3738 4848
5081 174
5081 1736
5081 606
5081 3680
2816 3520
2816 1612
2816 131
2816 2999
4667 219
4667 315
4667 401
125 4344
2715 3094
2715 2350
2715 3013
5482 4721
5482 3205
5482 5657
5482 4036
3794 1767
3794 773
3794 4583
1554 786
1554 404
1554 915
2748 5429
4281 499
4281 1377
4281 4548
4281 2215
2323 1871
2323 1977
2323 3274
2323 1188
2323 4209
4778 1872
4778 958
5635 3232
5635 2458
1831 2453
1831 868
1831 2324
471 491
471 4984
471 1104
3434 4056
3434 4606
3434 4243
4623 5621
4623 5351
4623 1191
3818 5502
3818 1490
4073 4132
4073 5275
4073 2653
4073 3444
1683 5397
1683 4993
1683 2809
1683 5069
1440 5213
1440 1595
1440 362
106 2308
106 2159
106 720
106 1432
113 4850
113 693
113 2856
3437 1160
3437 281
4433 2492
4433 4974
2223 639
2223 1965
2223 4066
4948 2025
4948 3135
4948 4804
4948 129
4948 4408
3435 2378
3435 4745
3435 2178
307 3355
307 4659
307 2444
307 1391
307 5617
307 2555
307 3591
1873 49
1873 4233
1873 866
5170 4406
5170 1786
5170 248
2863 4126
2863 2602
2863 3584
3493 4948
3493 1174
557 981
557 4054
1086 5170
1086 1791
1405 4749
1405 5602
1405 5263
2610 978
2610 4341
2610 203
2610 3674
2745 2113
2745 4450
2745 5434
2745 607
338 2703
338 548
1493 45
1493 737
1493 3476
231 5081
231 5466
231 2438
1422 3589
1422 2526
1422 4030
1422 2593
1422 2546
1422 3625
3745 729
3745 2473
3745 3278
513 5099
513 5272
3111 3191
213 3727
213 1247
904 338
904 2874
904 4579
904 631
904 3665
904 2460
3718 3794
3718 5110
4833 2958
4833 3133
4833 781
4833 238
4833 2191
4833 1812
5341 1742
5341 1558
5341 4334
3407 1696
437 1971
437 4796
437 1465
437 1562
437 511
2459 2264
2459 1206
2459 804
5380 388
3621 4062
3621 2704
3621 339
3621 1460
3303 3962
1944 3209
1944 5174
1944 2133
1944 1607
2184 4427
3907 2869
3907 4822
3907 589
536 2964
536 3101
536 5484
2560 3220
2560 321
2560 926
2560 1914
4661 4104
4661 1741
4661 1817
4661 3006
4748 231
4748 5327
4748 3515
1083 3525
1083 3950
1083 2857
5064 2134
5064 3865
5064 3960
4321 2816
4321 3877
4321 3029
4321 2128
4321 709
4321 1706
1477 1468
2291 2310
2291 2899
2291 3387
4239 4702
4239 1203
4239 5470
4239 480
4239 2151
461 1045
5125 161
5125 4706
5125 3777
5125 1542
5125 3728
1211 5365
1211 2775
1211 1396
1211 1096
1211 822
1211 2819
1211 2239
3190 1864
3190 4166
1458 5015
1458 4153
1458 877
1458 4438
1343 4516
1343 708
1343 1849
1343 159
1874 437
1874 1006
1874 1359
1874 1079
5404 7
5404 4116
5404 1383
5113 3063
2059 4843
2790 3961
2790 3069
2790 5193
3937 3437
3937 1233
3937 5350
3937 438
3937 707
4222 2616
4222 5294
4222 4124
5271 2472
5271 636
4369 456
1825 2263
1825 5312
1825 825
2925 4083
2925 2056
2925 685
4682 2548
4682 4021
4682 3287
965 4536
965 2063
965 4878
965 5167
4700 1405
4700 4203
2550 3555
2550 2810
3633 3049
3633 1194
3633 3291
3633 5008
4549 2705
4549 1244
4549 4639
4514 1944
4514 5269
4514 1495
4514 3616
428 5027
428 5384
428 5618
428 2287
428 4064
428 5058
428 4838
2250 5082
2250 5422
1797 3088
1797 3247
4924 3708
4924 375
4924 5477
2229 4661
2229 2023
2100 1874
2100 2316
2100 2207
4496 4949
4496 435
3335 5045
3335 1166
3335 3304
3335 596
478 307
478 1560
478 318
1328 1105
1328 4522
1999 5416
1999 754
1999 3147
3748 536
3748 3514
3748 106
3748 954
5443 4700
5443 102
5443 3873
4883 270
3521 5652
3521 3180
3521 4011
1510 3564
101 593
101 1865
101 5061
101 1282
1784 5125
1784 5492
1784 191
2777 1510
2777 580
2777 1783
3270 3239
3270 4995
3270 603
3270 1037
4356 3582
4356 4168
2407 5447
3670 2255
3670 3624
3670 1770
3670 948
3670 444
3272 1336
3272 2655
3272 1340
150 4293
4052 1083
4052 3879
4052 3392
4052 4675
195 2459
551 2012
551 4641
551 730
551 5163
551 2847
551 3312
3415 4177
3756 4219
1017 3745
1017 5142
1017 1668
1017 4543
5124 3266
5124 3629
5124 1749
5124 5355
5124 3144
5124 1656
5124 1438
3383 320
2412 1373
2412 1132
2412 353
2412 3662
2380 4281
2380 2795
2380 4028
2380 2738
2861 4193
2861 3350
2861 3987
2861 5495
2190 4052
2190 101
2190 1618
2190 4134
2190 2896
2190 244
3505 2341
3505 1904
3505 645
3505 1117
19 1825
19 3222
19 2244
19 727
3422 4023
3422 2744
3586 2778
3586 4333
3586 2231
4811 763
4811 482
4811 1344
2136 3383
2136 1638
3214 3168
3214 4831
5605 2380
5605 797
5605 5403
1424 3270
1424 3386
1424 3241
1424 3661
1424 5516
1424 5391
1424 2094
2357 3244
2357 3010
2357 846
2357 3212
2357 4475
565 3850
565 311
4181 5497
4181 4515
4181 59
4331 2196
4331 4431
4331 2003
4576 3407
4576 5590
4576 2364
3969 5605
910 1017
910 213
910 436
910 4009
5338 2291
5338 2664
5338 5655
5338 1592
5338 4473
5583 1494
5583 1081
5583 4690
5583 5317
3572 1873
3572 4776
3572 2037
3572 5560
5603 3170
4905 19
4905 904
4905 5240
4905 2066
1955 4082
1955 4881
1955 4192
1955 2751
4927 4811
4927 3574
4335 4074
4335 2776
4335 1967
937 2764
937 2700
3876 4298
3876 1315
3876 1149
4650 597
4650 5592
4650 5091
4650 450
4650 4738
5643 4673
890 3370
890 2072
890 5035
1121 2610
1121 25
1121 4723
1121 5231
1121 253
1518 4517
1518 2086
1518 1271
2289 1062
3829 2863
3829 4419
1841 3733
1841 6
1841 1950
2719 1477
2719 2185
2719 743
2719 2541
2719 38
2719 21
2719 1231
1964 3198
1964 4932
1964 1664
1964 5480
1964 144
4720 340
3057 1839
3057 2200
3057 759
3057 153
2967 478
2967 2550
2967 5404
2967 2044
2967 2626
2967 975
3789 4576
3789 2821
3789 3083
3789 3958
3779 2075
5456 3935
5456 3639
5456 4121
962 2667
962 2497
962 3567
2441 551
1606 937
1606 4930
1606 4234
5253 3847
5253 1463
5253 4758
5253 4346
1978 98
1978 1185
1978 4237
1978 4093
3223 1797
3223 4714
3223 5324
3223 1572
3223 5584
3223 3451
4449 3059
4449 2815
2182 4447
2182 4578
367 3223
367 4886
367 1386
367 646
1509 1798
1509 5150
1509 2194
1509 3076
1509 2081
2832 3134
2832 4197
2832 3136
5111 3122
5111 4750
5111 3792
752 220
752 124
752 670
80 3422
80 2861
80 1042
446 1243
446 5398
446 2617
446 5084
4254 5456
4254 1189
4254 2328
4254 3846
1900 1430
1900 669
1900 2752
1900 792
1900 3912
1900 4393
1900 1532
1900 997
398 5643
398 910
398 3748
398 2248
398 3301
398 4115
2243 2745
2243 2464
2243 4669
3880 4103
3880 4277
343 4514
343 3570
343 3554
343 3943
343 2944
343 1223
2233 752
2233 2719
2233 4650
2233 2910
2233 5359
2233 4437
2233 4041
2097 5291
2097 5678
2097 5104
853 4239
853 268
853 1686
853 2057
4792 1272
4792 232
4792 540
4792 317
4792 392
4792 4676
1820 367
1820 3224
1820 5136
1820 3379
3058 4033
3058 4921
3058 4370
3058 3753
3058 2321
4185 1751
4185 3450
4185 5120
4185 1923
4185 2865
4031 1328
4031 4778
4031 5369
3454 398
3454 1109
3454 2170
3454 5225
3454 3974
3454 4347
1293 2441
1293 2718
3242 1593
3242 545
3242 1887
1924 2008
1924 3251
3024 4833
3024 2288
3024 4558
3024 3293
5567 2774
3806 3572
3806 4506
3806 4016
3806 5122
3806 897
3806 4732
3806 4226
2833 3086
2833 992
5542 3521
1720 4667
1720 651
1720 62
2838 3880
2838 2289
2838 195
2838 113
2838 748
2918 1964
2918 3586
2918 377
2918 3292
2918 1892
2918 1064
3458 4682
3458 3111
3458 3738
3458 4391
3458 891
5012 3907
5012 3347
1889 5635
1889 3352
1889 1306
3127 853
3127 3505
3127 3882
3127 178
4537 472
4537 5181
4537 4852
4537 1040
3859 4537
3859 1978
3859 4099
2765 5124
2765 4236
2765 886
2765 3395
2765 1019
1367 2748
1367 4605
1367 5598
1367 1190
4100 3127
4100 582
4100 3614
4100 811
412 4335
412 1211
412 2715
412 2723
412 3254
412 5528
412 2406
412 2127
2632 1424
2632 5482
2632 1456
2632 3795
2632 576
2632 2487
1216 2693
1216 4163
1216 2138
2187 4883
2187 1617
2187 1789
2187 1731
2187 4459
3534 2058
3534 5074
5023 1458
5023 2938
5023 2802
5023 4024
1082 3789
1082 524
1082 5206
2043 5567
2043 1841
2043 5331
2043 2812
2043 3550
9 2777
9 1422
9 3886
9 1691
9 3404
5490 2233
5490 347
2392 428
2392 3742
2392 2332
2392 5381
2392 2807
5029 557
5029 1275
5029 2449
5029 857
5298 2187
5298 3272
5298 3718
4050 5603
4050 2638
4050 5488
4050 3070
4050 1833
1090 32
2258 151
2258 5428
2258 619
2258 4836
285 3008
285 4544
285 1413
2206 3829
4120 5460
4120 3776
4120 1119
4120 4405
4120 2641
2253 71
2253 4295
1067 4920
1067 3269
1067 4680
1067 4018
1154 3534
1154 4073
1154 334
1154 2251
1154 5117
1154 167
1154 1326
5420 2392
5420 2100
5420 4364
5420 222
5420 4911
5390 2918
5390 1885
5390 2947
5390 119
1076 3019
1076 1999
1076 2250
1076 1285
1076 4677
1076 2080
2036 1337
2036 2407
2036 4535
2036 475
2036 4497
1232 89
1232 2211
3502 1232
3502 412
3502 3854
2327 2632
4753 4436
4753 5487
2805 2141
2805 2390
3634 2327
3634 5253
3634 5380
3634 5421
3634 3282
3634 165
2167 5583
2167 3415
2167 513
2167 3044
2167 2152
3302 3243
147 4688
5195 3458
5195 3434
2163 343
2163 4449
2163 565
2163 2560
1296 2223
1296 5648
1296 1198
1296 4228
1014 170
1014 2991
1014 980
160 1090
160 1121
160 3374
5217 5271
5217 1734
5217 5078
1666 2167
1666 5298
831 4806
558 1683
2889 1014
2889 4420
2889 1717
695 5111
695 4560
695 1237
1151 4924
1151 2142
1151 3508
1151 2195
1151 3259
2977 2097
2977 3937
2977 795
2977 1046
2977 3758
855 2357
855 2273
5651 890
5651 1700
5651 4588
5651 4461
5651 1580
2101 3874
2101 194
2101 4214
2101 4414
4013 2412
4013 1457
4013 662
1860 2592
1860 3749
1768 3406
1768 4263
1768 4865
2452 1924
2452 1518
2452 901
3663 4718
5538 3454
5538 150
5538 471
5538 3377
5538 1959
5538 4973
2055 5012
2055 3779
2055 4725
2055 369
1018 4013
1018 1440
1018 3619
1018 419
1018 5373
1018 1987
1018 1584
640 5195
640 1720
640 2787
640 1207
4027 3057
4027 5160
4027 3830
4027 3755
4027 3790
1886 4187
1886 1265
1886 423
1886 3990
1886 1813
1525 5217
1525 4171
1525 4101
1525 2881
1525 4474
1525 5036
1525 2875
1525 2011
1245 5029
1245 3102
1245 3827
1245 4619
1245 3448
5285 5557
5285 1723
3004 5651
3004 2253
5076 3502
5076 2303
5076 2091
5076 2627
171 855
171 24
5489 1018
5489 1260
5489 4837
3989 5114
3989 5172
3797 2338
4350 5023
4350 5443
4350 5064
4350 5190
4350 4145
4955 2055
4955 1067
4955 4792
4955 2544
1453 4120
1453 4107
1453 405
1453 2212
947 1509
947 5157
947 2793
4697 5076
4697 1245
4697 2182
4697 3633
4697 4481
4697 1475
4697 34
4697 2770
51 640
51 3217
51 5619
51 1139
51 60
928 558
928 3634
928 1554
928 2915
928 2388
3027 3024
3027 3969
3027 1039
3027 1358
3027 3556
3027 3588
96 171
96 1151
96 3303
96 4997
96 5672
96 2301
4630 4697
4630 4350
4630 3806
4630 4649
4630 1147
4138 4050
4138 4785
4138 4719
4138 1604
4138 2996
4136 2889
4136 1076
4136 4254
4136 1471
895 1955
895 4433
895 1687
895 2344
895 2656
895 4415
4581 147
4581 3435
4581 833
4581 1072
4581 3546
2009 2838
2009 3228
2009 5649
2009 950
4611 1154
4611 2337
4611 2125
4611 5342
4611 2908
4611 3985
4611 58
4611 5357
4611 4571
2577 2977
2577 1493
2577 3493
2577 1988
2577 3649
5360 1860
5360 2925
5360 3722
623 1768
623 4142
623 262
623 4761
623 1004
4658 5489
4658 1606
4658 4369
4658 4289
5137 1367
5137 4720
5137 125
5137 1351
5137 5241
4259 2101
4259 5542
4259 3623
4259 4057
4259 3919
4259 4366
872 4181
872 4748
872 1850
872 3669
5363 5239
5363 3250
1115 4893
1115 5504
4156 1889
4156 3965
2129 5137
2129 2549
2129 5049
2129 4934
4870 5363
4870 3335
4870 3618
4870 3816
4870 2320
4870 3053
4870 1157
304 2009
304 928
304 962
163 304
163 5653
163 1900
163 4067
163 1735
771 2036
771 285
771 654
771 2844
771 3483
771 581
2538 5420
2538 2967
2538 1012
2538 2098
612 5013
612 2726
612 841
612 678
1782 872
1782 4955
1782 965
1782 4523
1120 5390
1120 446
5634 2129
5634 2043
5634 5113
5634 4400
5634 1710
35 3989
35 1296
35 4031
35 4321
35 5436
35 1196
35 4410
35 4874
35 4635
5123 96
5123 3004
5123 1886
5123 2258
5123 2790
5123 3621
5123 5090
4160 4222
4160 1343
4160 5127
1461 35
1461 1453
1461 228
1461 1059
1461 3750
834 4136
834 2805
834 3306
834 2045
1036 1461
1036 1666
1036 2420
1036 5424
1036 5259
4757 623
4757 4185
4757 2456
4757 2403
668 831
668 1784
668 1274
668 5446
1141 1169
1141 2591
1141 1579
1141 2951
1110 5360
1110 4549
1110 4888
3831 3663
3831 2565
3831 1390
1134 834
1134 4156
1134 4753
1134 3756
1134 3092
1134 3481
287 5399
287 1880
287 3203
2336 4658
2336 1525
2336 4927
2336 2785
2336 2510
10 5285
10 296
10 3580
10 3966
10 764
10 1516
10 2956
5540 5338
5540 461
5540 5151
5540 336
5540 1916
5540 682
2760 10
2760 2577
2760 947
2760 4100
2760 911
2760 394
2760 2691
2760 1428
2760 1746
4532 695
4532 5490
4532 2637
4532 2249
4532 4019
4532 445
4532 2633
4875 2538
4875 4623
4875 476
4875 2791
1649 1782
1649 3818
1649 2870
4164 4611
4164 5093
4164 1884
1332 4532
1332 2760
1332 80
1332 3214
1332 257
1332 4897
1332 1177
1332 1777
1835 3027
1835 2206
1835 2832
1835 4356
1835 387
1835 4403
1234 1082
1234 2833
1234 3876
1234 3682
1511 4138
1511 5341
1511 2154
1511 4814
1511 4563
1895 2184
1895 1831
1895 2756
1655 771
1655 4027
1655 1838
1655 250
1655 1399
1655 309
4898 1110
4898 5092
3509 668
3509 51
3509 2765
3509 2323
3509 3860
3509 1776
3509 1365
3509 3129
3509 3824
3509 2052
2952 1649
2952 163
2952 4259
2952 3670
2952 3190
1229 2243
1229 2229
1229 2808
1229 1345
1229 3298
1229 3868
2155 1655
2155 1895
2155 4875
2155 2336
2155 2163
2155 2136
2155 1567
2155 1165
2155 5452
2155 2663
2155 1693
3464 2929
3464 5208
2823 3464
2823 3509
2823 5540
2823 4441
2823 2002
4216 2059
4216 4647
4216 5107
1341 3831
1341 1141
1341 1293
1341 50
1341 3932
1239 1030
1239 1511
1239 1234
1239 1332
1239 4160
1239 5634
1239 5538
1239 3681
1239 535
4912 895
4912 3302
4912 4331
4912 4710
386 4216
386 2823
386 1115
386 2452
386 2190
4076 1229
4076 2952
4076 4757
4076 4630
4076 3058
4076 4213
3605 1134
3605 3797
3605 160
3605 3581
3605 4733
3605 1932
3605 1
3605 1184
3605 4159
3559 4912
3559 2155
3559 4164
3559 287
3559 1120
3559 1216
3559 3859
3559 1086
3559 4306
4012 3605
4012 4076
4012 5123
4012 9
4012 4905
4012 4425
4012 2461
4012 3641
5018 386
5018 1239
5018 1835
5018 1036
5018 4581
5018 3242
5018 4496
5018 2946
5018 2576
5018 5382
5018 4730
5018 1993
1431 5018
1431 4012
1431 3559
1431 1341
1431 4898
1431 2220
1431 612
1431 4870
1431 1820
