53 7
102 6
128 14
128 12
130 28
10 8
34 6
71 7
163 14
89 17
181 22
201 23
89 23
185 17
159 16
163 27
15 8
82 28
104 24
109 27
46 9
193 19
29 16
45 18
22 16
66 17
71 6
198 9
170 25
107 11
48 22
188 5
75 19
102 7
134 29
14 28
152 14
169 18
40 16
57 10
39 28
110 12
114 9
87 8
100 25
178 15
144 24
94 15
37 17
63 26
86 20
118 8
23 24
78 14
94 21
106 5
136 23
171 18
68 27
169 7
118 19
141 13
113 9
56 13
37 7
69 23
108 11
47 5
62 15
162 5
195 28
45 7
160 28
206 6
170 29
95 9
93 20
38 29
197 27
104 14
136 25
28 11
25 14
179 28
102 27
165 29
124 24
178 29
88 24
172 21
134 8
72 15
120 12
17 28
18 11
118 15
124 12
49 6
139 16
47 7
203 20
138 13
43 7
64 16
23 23
32 10
151 7
59 21
123 17
127 12
175 10
34 24
121 14
45 25
33 26
137 18
52 21
30 24
89 8
113 22
200 19
151 25
93 17
168 20
54 29
122 23
45 5
39 28
173 6
134 14
166 29
87 5
166 24
97 17
179 24
190 9
177 7
95 16
107 26
63 23
93 6
57 20
185 16
175 26
55 21
34 18
76 8
89 11
89 17
96 14
208 10
14 24
45 17
37 13
22 24
164 14
49 26
92 23
128 23
135 24
69 18
68 12
178 20
88 24
194 5
89 24
49 9
154 18
20 29
151 20
141 23
42 23
159 9
90 18
186 18
66 9
48 15
162 21
166 20
182 26
81 8
40 21
152 24
34 29
47 8
14 22
48 10
21 23
86 16
16 5
48 5
170 5
148 8
45 22
13 13
22 21
178 18
15 19
148 21
131 28
200 19
206 27
203 19
179 11
124 28
138 25
184 22
100 17
60 23
49 19
168 26
12 9
143 16
184 22
42 25
175 16
80 12
111 22
147 10
148 27
194 16
30 7
39 20
161 7
196 17
108 19
160 12
110 11
61 28
22 22
20 25
150 6
15 13
116 21
96 15
110 9
44 22
165 19
38 12
115 24
102 25
162 6
196 22
27 16
44 21
105 27
46 19
92 17
65 6
10 14
145 15
203 13
52 27
122 20
183 21
173 21
48 16
151 14
159 5
25 12
34 5
113 9
62 18
90 26
14 29
186 19
69 16
117 19
22 7
182 7
55 7
202 12
35 11
20 6
13 11
123 6
200 8
27 27
186 18
86 21
177 25
41 5
119 22
96 25
190 29
129 18
13 16
121 19
190 11
117 20
198 10
88 26
140 25
135 9
117 28
77 19
195 16
174 19
25 12
136 25
0 0
