182 34
236 24
61 19
145 27
114 28
268 23
299 18
193 27
202 30
183 22
221 10
147 18
56 24
348 30
115 24
73 15
136 13
140 20
185 20
200 26
297 13
177 32
150 19
237 23
300 11
84 19
215 10
226 13
187 31
165 22
108 21
194 28
234 29
104 21
89 17
143 12
165 21
76 28
327 11
340 26
336 28
83 12
139 30
144 23
91 10
207 24
112 15
137 23
187 31
280 13
177 25
83 27
280 11
174 22
267 32
199 31
190 27
109 16
230 14
51 32
128 32
86 19
224 16
165 31
196 25
224 32
70 32
60 10
349 30
234 11
277 31
191 18
236 10
96 27
242 33
325 19
100 13
166 33
210 25
321 17
53 22
96 17
104 26
342 18
118 21
174 32
330 18
175 25
136 10
280 14
347 29
75 10
149 33
69 30
101 26
127 29
346 13
62 10
135 19
229 33
279 18
66 14
67 17
88 22
349 13
304 26
232 19
139 27
163 18
168 11
195 16
85 22
51 18
291 27
135 21
148 28
62 23
139 23
296 10
246 13
323 13
116 13
304 19
87 10
69 33
94 20
161 28
177 12
138 15
59 14
194 15
157 26
242 31
174 14
291 18
147 11
299 30
268 27
186 20
315 24
137 14
231 15
230 30
165 20
270 33
143 16
218 11
245 17
136 28
108 33
194 20
266 10
110 18
115 21
217 10
250 25
81 13
218 15
303 28
190 28
301 34
129 32
230 14
328 15
303 19
331 15
114 10
260 14
82 10
220 27
255 26
151 19
254 25
150 33
249 15
172 23
278 10
204 14
72 30
253 27
142 26
191 10
129 17
165 11
132 17
249 26
275 29
205 29
155 11
273 18
203 18
112 29
138 32
263 12
302 14
98 32
298 15
88 31
281 30
95 19
70 32
171 29
67 29
226 27
221 26
91 11
266 26
90 26
314 26
202 32
94 19
168 31
255 17
277 31
282 25
246 18
199 29
263 22
142 11
263 29
335 19
163 15
208 16
267 27
229 23
226 30
241 22
99 17
140 32
269 29
109 16
293 18
112 34
205 18
224 32
291 20
120 29
300 25
65 25
282 29
96 11
241 14
154 23
59 33
125 29
327 32
307 27
290 14
196 31
280 34
158 24
215 10
141 13
169 24
142 25
154 11
325 31
159 20
258 23
141 14
119 17
273 11
190 17
71 34
129 33
179 11
203 17
170 26
106 21
194 33
110 27
282 12
315 29
197 34
198 19
71 18
78 24
79 27
236 34
150 13
83 32
196 20
137 14
223 17
66 23
349 17
205 27
245 29
257 33
276 22
335 11
104 23
296 20
175 31
292 11
221 22
119 28
330 31
156 21
67 28
113 27
166 25
335 33
301 15
236 24
324 23
247 17
124 28
214 18
245 14
172 16
56 12
194 22
283 18
270 12
227 23
81 11
232 24
71 12
188 34
228 15
270 31
230 10
247 28
210 23
126 28
258 31
110 18
155 23
64 31
310 14
257 16
146 22
86 19
153 21
325 31
101 22
349 15
97 31
214 12
109 34
111 20
297 23
313 11
340 20
287 22
221 26
240 11
228 22
324 31
88 25
308 11
216 17
203 24
78 25
301 16
74 16
349 20
306 19
79 16
82 31
68 21
67 23
191 11
288 17
196 18
249 28
114 10
226 28
76 31
219 33
111 23
313 27
242 29
266 11
100 19
105 29
330 33
328 24
52 15
328 29
307 29
80 18
101 25
276 12
218 11
85 20
75 33
175 18
245 32
127 22
246 13
125 19
199 17
104 28
296 17
95 26
216 29
186 21
105 34
102 32
282 18
257 25
258 21
252 32
72 32
108 17
170 25
349 33
308 33
108 29
125 31
275 14
237 19
246 23
341 24
234 29
229 31
235 11
52 30
277 30
188 20
91 18
203 14
280 10
92 18
273 20
172 17
98 21
238 16
200 23
207 15
195 27
320 32
234 15
278 24
327 16
315 27
228 10
154 25
208 20
193 10
348 18
99 32
337 14
244 28
260 30
77 11
297 27
226 30
288 22
188 13
218 10
328 21
339 15
216 32
319 11
56 26
201 16
97 26
305 30
132 25
302 14
106 23
146 14
218 10
245 18
163 29
112 27
258 15
208 16
57 20
90 12
332 33
115 29
287 23
260 22
234 18
171 34
230 21
140 23
275 34
75 11
216 22
210 23
290 30
189 31
327 33
90 32
175 27
191 19
121 16
198 11
140 31
279 31
164 33
271 24
79 19
161 31
285 15
0 0
