430 26
178 23
575 17
279 17
179 31
575 13
507 20
223 34
135 28
541 28
419 15
225 21
423 14
463 33
577 31
264 33
457 13
483 32
219 20
108 22
337 29
537 17
404 24
171 16
413 13
288 13
526 28
283 22
493 11
479 30
479 23
363 13
217 11
182 10
484 13
506 26
582 24
460 10
564 13
462 31
126 26
429 22
181 31
535 10
262 24
234 15
530 13
383 25
281 23
424 30
485 10
220 25
495 19
237 24
205 26
432 22
552 22
288 21
393 10
594 19
395 28
172 33
216 33
397 21
383 16
461 13
375 33
474 10
570 21
113 31
334 23
143 14
134 21
293 27
212 11
548 33
468 27
589 19
316 10
207 11
424 24
144 33
347 15
471 16
217 19
186 13
249 14
386 13
478 34
472 30
224 17
460 27
472 28
133 17
396 22
339 11
466 23
428 12
134 24
388 22
257 27
403 19
535 29
176 34
353 12
454 23
557 17
373 19
311 17
302 13
310 17
549 20
237 29
370 24
507 11
379 24
429 14
565 31
567 21
254 20
194 23
472 23
375 14
304 25
306 32
448 29
203 13
317 17
127 23
126 17
275 14
576 17
383 26
324 22
507 15
591 24
100 27
360 22
385 17
247 27
189 17
273 24
508 31
350 12
192 31
456 16
289 29
586 10
185 14
182 27
310 10
382 29
333 23
550 14
329 21
173 26
107 18
331 21
447 33
582 25
152 14
220 19
437 13
494 10
313 34
494 19
217 24
548 25
319 27
581 17
490 33
531 20
121 34
527 31
533 33
173 29
389 29
380 27
146 31
360 15
160 16
467 10
259 25
239 33
148 22
589 25
191 16
242 24
208 18
119 28
564 15
510 30
453 23
500 15
382 11
221 20
535 23
157 23
256 28
329 31
576 30
315 32
292 20
209 22
255 27
214 23
132 11
207 16
553 31
245 34
152 12
591 13
159 19
476 20
317 18
420 30
521 16
599 33
194 31
309 18
566 22
274 16
114 24
103 32
566 33
381 10
499 31
461 25
166 23
182 25
341 31
341 20
566 34
383 22
336 16
395 34
360 15
109 18
178 32
266 28
532 23
278 20
508 22
298 32
107 31
390 25
513 22
147 25
457 30
213 21
195 30
297 13
267 26
383 31
282 32
488 13
154 12
405 14
301 25
545 30
445 18
562 22
312 19
118 25
105 17
233 25
290 11
322 16
333 23
111 16
170 21
288 25
301 24
333 21
540 16
122 34
557 13
516 29
501 24
263 30
586 23
191 30
177 33
254 23
518 32
159 26
377 17
415 10
503 29
236 18
425 29
427 26
236 24
417 21
136 33
317 10
137 17
436 33
450 30
352 33
195 30
246 24
228 34
339 22
458 34
389 33
198 34
331 34
187 12
284 13
559 18
240 13
163 34
418 31
244 19
353 15
153 23
440 12
335 11
261 19
525 13
166 19
136 33
186 31
529 15
488 32
404 21
220 20
230 24
189 20
234 28
471 31
592 22
163 29
101 32
107 16
228 33
547 31
558 17
317 31
298 26
251 17
592 32
172 21
569 31
402 25
131 19
394 13
130 15
187 27
216 30
528 13
255 24
110 23
321 10
527 21
440 18
146 22
333 13
236 34
576 13
313 17
187 15
289 13
295 18
138 24
161 34
405 12
459 34
536 23
322 18
596 30
318 14
599 12
127 22
280 11
310 18
278 22
193 23
299 25
532 28
489 21
206 20
342 25
356 26
108 12
494 11
280 31
207 18
384 14
264 18
398 34
494 12
256 11
479 34
543 13
200 17
569 34
407 14
173 19
127 30
209 21
313 17
311 15
299 12
132 22
320 27
409 18
515 26
305 10
413 26
117 11
569 13
557 19
113 10
455 18
115 17
326 30
293 23
399 21
196 32
321 14
163 28
362 34
425 32
589 19
404 34
593 21
327 23
483 17
460 27
475 28
330 22
544 21
484 27
229 29
418 16
282 32
448 17
529 10
440 19
368 12
398 30
521 15
574 31
229 32
373 31
243 10
443 23
554 24
480 11
463 14
396 32
200 32
121 15
412 30
439 15
508 16
381 19
425 33
324 24
529 34
567 11
499 10
292 15
145 22
410 17
242 20
477 26
107 31
416 16
236 10
466 17
476 30
379 18
309 12
505 19
468 26
546 25
208 28
376 30
208 23
444 22
179 10
422 23
389 10
356 10
455 24
228 10
337 31
455 26
150 28
460 11
482 28
103 33
561 21
362 21
238 33
292 12
366 16
405 24
285 13
252 34
249 25
597 22
262 22
213 29
405 32
446 24
360 22
318 13
475 27
577 28
329 11
199 33
374 16
514 12
383 21
207 22
524 25
109 21
521 28
295 22
504 15
132 10
242 26
563 19
597 19
514 34
177 15
454 18
245 29
253 22
125 30
111 32
413 15
465 16
486 27
383 34
357 13
104 24
118 23
498 23
298 21
331 13
581 30
383 31
503 21
537 18
301 21
142 18
277 21
527 33
132 23
196 30
348 32
361 25
333 33
571 23
174 20
349 29
441 14
349 23
146 25
197 16
556 15
270 31
200 22
324 13
534 18
495 34
338 23
315 26
580 14
521 12
551 29
551 14
256 28
258 30
147 20
479 12
385 20
252 20
496 33
547 14
368 16
577 31
167 28
293 18
406 12
375 32
479 21
588 12
131 31
551 21
459 27
542 30
135 32
134 32
204 22
554 34
413 21
281 13
148 11
536 20
208 10
448 22
236 26
273 14
270 34
212 27
510 13
457 23
505 11
252 34
590 14
365 12
549 12
483 10
572 29
199 31
236 31
346 16
326 27
583 21
477 22
262 13
203 14
213 22
543 27
232 16
146 17
162 28
258 20
598 34
208 34
351 27
590 34
463 22
481 18
159 28
161 32
260 27
421 10
210 11
153 16
485 18
590 21
296 30
122 24
582 10
300 20
474 13
222 15
482 22
156 22
307 22
331 26
306 29
520 23
263 29
587 25
217 23
370 21
278 30
328 30
428 19
568 28
468 24
437 12
376 17
535 19
495 30
597 15
539 13
335 22
102 18
450 16
417 15
156 19
285 31
161 18
170 29
210 16
141 21
390 21
407 32
530 21
358 18
171 12
136 32
176 19
369 21
198 10
368 22
347 24
157 28
508 21
379 18
400 12
220 20
587 30
124 14
277 22
193 20
368 29
313 26
331 20
123 15
138 21
139 22
568 28
398 31
360 20
166 23
289 13
344 15
388 12
367 33
139 23
462 12
101 30
325 17
564 26
334 24
431 21
589 14
172 28
179 17
307 22
181 16
504 10
567 28
503 28
264 29
207 29
290 10
388 29
469 13
114 31
388 31
586 23
367 19
236 26
330 28
542 34
114 27
148 14
355 12
493 30
235 17
296 30
467 19
348 14
576 33
200 23
584 19
467 28
410 32
565 10
349 23
359 15
192 25
302 29
591 21
272 28
484 33
451 20
447 13
199 25
520 28
514 11
137 26
288 22
443 16
191 21
397 27
154 23
184 34
522 28
570 13
104 25
508 10
441 27
348 30
265 26
213 12
228 20
173 19
114 32
482 12
372 33
299 29
424 16
394 17
343 30
502 25
106 34
592 28
262 34
451 27
467 33
106 30
486 24
234 17
362 21
332 30
592 27
544 12
267 29
169 18
273 20
510 22
246 30
310 16
137 31
203 22
330 11
188 16
413 10
277 19
302 16
586 27
562 14
283 24
385 21
394 18
300 31
133 23
344 29
524 24
516 14
213 29
481 26
489 10
108 15
170 26
553 32
127 33
221 14
336 28
579 26
491 32
386 12
321 26
569 31
387 23
573 13
256 25
147 20
576 15
148 15
198 19
587 20
126 25
232 27
183 28
253 31
423 11
471 33
441 31
446 28
340 10
213 12
271 29
157 33
557 15
586 10
559 31
228 21
544 29
486 10
468 20
411 20
192 15
472 31
273 17
348 23
113 24
564 27
358 26
443 33
578 33
451 15
364 26
150 14
130 15
101 27
502 17
160 31
339 11
281 15
512 18
501 30
225 32
482 33
285 17
537 13
324 23
249 17
0 0
