807 157
2572 137
1062 142
3730 236
947 118
2825 112
2490 200
791 63
817 173
174 178
3868 217
2324 57
1666 23
3487 257
2872 226
3143 43
2621 165
4199 116
1863 10
915 259
4699 148
1646 199
1441 240
4780 13
1387 216
2473 232
544 250
3038 111
776 94
4103 88
3122 204
4896 33
4263 158
2262 168
1370 157
1278 145
1820 259
2571 50
519 251
4699 165
3811 173
1204 156
200 53
3201 142
4390 202
4603 174
2356 39
3352 212
1445 159
3256 10
730 215
2301 110
3115 248
4538 243
1910 121
3909 201
869 83
4620 105
2931 242
3928 25
4136 98
4432 221
453 45
4254 112
1515 97
4692 115
1485 161
1233 60
3535 194
5000 235
687 215
3037 122
1981 144
1991 242
4223 34
1099 73
782 69
1551 62
183 256
612 79
3466 66
5099 207
564 72
5086 90
2167 214
4926 111
4817 117
4975 245
3209 216
3601 231
4951 241
361 41
4239 185
2437 160
2208 183
2701 24
2929 66
4019 17
289 123
640 240
2241 209
3800 87
155 135
4882 203
2256 68
752 240
1382 24
2126 126
3554 51
2081 108
5078 57
3063 178
2176 10
2010 28
3372 85
4441 241
1127 116
4622 257
450 49
181 196
3463 129
759 194
173 140
1571 217
1920 61
3991 125
238 83
1504 84
120 219
647 226
2914 76
2797 12
336 155
3907 92
2339 113
562 239
2814 240
1954 18
3372 195
3639 142
1666 139
190 61
2018 187
5095 106
2315 176
2519 104
2410 66
1786 167
518 83
1687 194
348 52
2980 166
2933 149
3685 144
3416 142
3040 173
4264 248
1218 145
2644 19
3175 171
956 22
1232 156
742 117
2249 10
1466 192
1508 45
1899 66
1655 126
3085 16
1316 255
3136 33
4248 23
326 134
1129 234
2228 201
2347 24
4876 61
1406 131
2185 142
4793 37
2112 59
433 252
2299 74
3073 83
4174 162
1224 40
750 15
1503 94
4605 80
2493 65
3776 79
1480 226
4552 255
3678 33
1404 152
4792 185
530 46
4039 55
4750 221
986 70
3747 67
804 192
4869 87
3810 233
995 153
1396 253
3183 219
1709 155
2099 226
4701 117
3455 253
2383 81
3932 50
1420 71
341 123
1412 183
989 121
3467 157
4494 90
4942 225
2530 204
2439 41
4235 163
1434 253
1275 258
2142 145
3783 152
2471 47
3674 253
186 45
3054 119
2633 89
1729 124
3638 135
4016 218
3435 49
1383 121
3740 53
3609 173
1321 32
2476 44
4684 131
3226 151
4726 92
250 123
1461 103
4762 21
199 18
3432 38
1758 79
3218 258
2592 124
3872 77
1931 41
871 234
4301 67
2740 187
2028 95
3010 150
3583 170
3296 163
4886 249
226 114
1924 17
209 233
4285 199
2271 99
481 62
451 30
2160 135
3481 55
572 253
747 200
4887 57
4754 149
3243 175
1588 159
3617 115
2099 154
2888 200
2807 241
3690 206
1740 225
4935 163
717 222
3092 95
1786 67
2596 49
1815 256
4991 45
467 242
2673 191
3043 187
4326 212
927 121
436 247
3616 251
3462 66
2578 217
3555 172
3407 181
1906 61
4025 173
101 229
2904 191
5088 89
2548 124
605 247
4719 102
2200 183
142 217
4179 154
1666 116
3105 247
1130 257
3705 24
1399 221
4297 49
1329 249
5083 137
2615 247
3938 222
3786 86
537 60
2814 49
942 45
1070 118
995 235
2629 97
3137 225
4131 121
2517 95
1712 191
4476 206
2717 145
1800 182
1188 78
1318 234
2363 16
733 39
2666 206
2771 198
2928 222
5025 120
3815 115
5095 227
3707 184
1886 203
505 222
170 57
102 181
1777 87
506 249
3022 166
1849 152
4222 36
3755 37
3421 169
2820 148
2679 252
4176 253
1529 233
2375 170
3474 108
3076 235
2620 257
3283 152
3806 146
4091 234
858 63
1206 76
3799 94
4701 41
2142 114
745 239
2629 146
4306 252
1005 230
3041 150
3710 10
3868 183
1584 88
4954 75
3943 215
2105 168
2650 227
4787 222
2023 195
3264 251
1699 67
4589 61
814 130
1437 14
3104 206
4004 40
3786 50
1459 55
336 213
697 189
510 219
1353 95
2238 209
2335 119
1222 16
1346 236
3374 195
131 153
441 97
4444 102
3425 154
3951 108
4662 63
3573 125
664 173
3986 207
4096 149
278 220
4477 68
3983 144
3486 173
4988 101
1963 38
1040 25
1979 11
3840 237
3581 73
1962 216
2061 74
2071 202
2873 138
1186 63
2552 61
3966 157
238 116
256 21
674 224
4374 234
778 19
3875 162
3165 148
1782 53
1200 212
2507 75
1474 48
2956 131
783 156
1550 164
999 80
4141 183
1408 168
2068 73
4407 169
3825 62
1649 189
3086 18
4001 104
2064 93
4927 76
445 246
3156 144
1371 42
1731 155
2224 141
1821 145
4171 232
889 43
726 221
1075 198
1807 43
4917 227
1014 24
1753 37
123 58
4422 175
1027 133
2129 210
1601 99
1567 193
3245 96
4668 12
4061 149
2598 63
2924 232
1832 194
923 171
4443 192
2890 81
955 177
3037 62
361 20
4895 242
3181 37
2071 252
4658 203
2539 105
1457 254
459 191
1470 58
751 221
2597 230
2918 228
2602 22
1837 62
3406 65
4522 129
4434 129
3081 173
863 106
344 237
3888 251
922 216
1368 11
1653 23
3453 107
1683 152
4056 72
3678 28
283 32
3866 66
3170 62
4938 191
4349 22
2008 127
4493 92
3128 73
654 30
2104 200
849 238
2571 221
512 45
3589 86
1661 176
3229 172
1894 169
2881 160
1578 94
1283 91
3829 223
3488 150
3157 109
1270 65
4870 113
2682 49
3612 206
4783 21
627 211
4727 180
627 190
738 44
355 255
676 139
2223 154
2196 85
2611 10
4727 137
702 213
4755 56
4967 200
2146 231
637 255
1499 69
2795 199
3747 191
937 203
4513 66
2105 245
1935 16
969 50
2958 85
1449 167
3319 81
745 151
2712 169
2889 121
2876 183
166 38
2569 172
2027 104
4688 223
2338 246
2001 194
2095 221
4234 29
941 159
490 165
2112 228
2248 72
1665 113
3410 66
4097 86
141 68
2710 28
4484 46
4350 27
1981 227
4346 42
4792 168
3796 142
3037 139
2532 171
3352 59
2386 235
4891 46
1610 228
4257 194
2567 182
2103 18
1045 11
375 68
1807 72
447 252
1238 253
3614 14
4190 100
1702 27
3401 96
1748 162
1072 230
5014 41
3492 69
1804 32
792 126
4814 141
210 91
5016 24
2456 99
297 195
2059 235
3338 44
3779 62
1475 100
3470 258
2519 29
2985 11
1775 188
4987 149
1740 98
4779 14
2215 16
2512 190
4819 112
372 219
2136 50
620 34
2975 104
1577 127
1494 236
4930 48
4148 123
3958 132
4720 219
3539 172
3896 193
4052 71
1140 195
2524 44
2838 188
645 49
1954 158
497 138
675 76
115 21
3787 35
2235 174
1761 69
838 146
3789 211
1358 34
2244 154
1649 149
1312 203
2083 205
3767 21
4379 208
1137 211
5032 226
3731 126
441 99
3273 71
2105 159
2121 153
1488 113
4310 92
417 73
4897 102
4125 231
345 37
293 44
3941 37
3696 70
1458 245
2332 168
3574 207
2117 96
2761 140
3528 94
3633 68
4787 98
2003 133
2456 67
4106 194
1551 179
3744 166
3522 247
1334 74
1732 14
5082 145
269 27
779 55
3220 125
2951 11
2754 135
1344 172
629 167
2979 207
3982 237
1266 123
2511 232
4905 34
406 65
565 130
2639 171
4565 144
1483 56
5059 192
345 178
2435 175
3301 256
1939 228
4925 141
3737 33
1266 244
1910 116
4109 10
113 56
1844 69
2888 113
1586 177
2853 71
3377 199
267 176
3600 126
2693 96
953 246
3746 163
4600 97
1170 178
344 191
713 185
1959 11
3545 119
1003 142
1201 91
4755 172
3283 106
3121 94
4400 99
1610 220
3097 212
3758 210
1732 61
2595 112
2560 54
2020 122
1491 127
196 112
2269 85
3314 237
5043 42
4347 49
4582 23
2652 67
4593 89
1517 87
910 181
2030 73
2506 170
2867 20
579 176
1862 24
2199 26
1468 68
1241 36
1473 121
592 105
3575 205
868 196
3669 137
2122 59
3976 236
1286 136
3350 71
4316 144
390 157
3290 151
202 74
4934 249
1938 15
3312 28
445 130
667 78
1670 42
1650 96
2639 15
2404 207
3158 54
2267 180
2562 11
2052 50
1150 116
4149 188
2142 139
933 200
1286 216
4219 90
2457 164
4729 169
3878 215
1827 41
796 104
4996 16
1752 56
4789 143
1779 13
2245 115
2152 239
1998 91
2546 31
574 67
2707 63
2593 223
2004 190
3876 248
1460 133
1689 198
4136 245
3597 253
960 137
2676 72
376 16
3064 224
1415 126
1074 12
1044 251
3376 72
2913 78
4954 150
844 242
851 94
1694 210
1917 80
3423 224
1045 224
501 69
2645 243
4997 25
4321 174
2975 129
1003 203
2034 241
2996 225
2129 161
712 70
3004 170
5036 146
2873 112
3581 49
4187 16
4319 15
3609 256
4301 148
4549 109
2469 172
1881 105
1800 11
4677 135
2236 69
4097 92
2171 149
4773 140
2452 253
4305 10
3145 65
1722 40
4541 252
2033 228
141 258
207 156
600 86
4200 165
3874 131
2900 10
3036 182
1076 29
4521 31
4710 135
762 175
1314 79
2459 183
1089 153
1970 92
1041 146
553 11
409 120
3448 191
2015 171
3021 106
398 133
1475 180
3839 258
846 80
3635 205
4271 81
239 248
3767 59
2113 157
1007 230
4412 49
3816 72
860 21
2385 176
3422 243
430 78
628 211
2777 211
1674 196
2120 133
4637 216
3922 51
3437 198
4703 194
4387 43
194 145
4443 104
1097 77
4532 194
427 137
2535 252
2680 35
1816 146
1302 210
2386 138
2206 249
3068 99
2300 75
4278 118
3291 189
2267 244
2215 102
1947 109
1457 133
1660 44
2229 82
4482 74
1741 63
1951 27
555 145
2295 258
2859 212
1549 102
3631 54
2149 196
2946 242
4877 134
3891 149
1252 239
1846 73
4746 38
4087 179
409 90
4972 96
3789 138
3178 22
1238 108
3724 25
4963 42
3781 47
2452 128
2473 146
1105 30
1188 123
202 49
2104 201
3557 213
3937 256
2474 183
126 165
4852 203
955 129
2565 119
2339 168
461 48
256 25
1605 111
1069 45
4606 188
4208 142
155 223
4963 42
127 171
1356 51
3854 240
342 150
2426 137
4811 43
3143 103
4128 90
2459 70
2204 119
2041 98
3320 180
3798 58
2198 111
986 72
1044 96
3755 80
2561 211
3740 154
4154 27
3565 48
4811 124
3357 248
2410 215
2639 120
413 118
2210 45
4205 138
1868 29
3542 221
1086 39
3860 85
1004 175
412 46
2339 69
484 121
5086 233
162 15
2102 124
3392 188
4946 30
2311 225
1576 162
4090 105
1767 183
767 197
2362 193
4814 204
704 257
4406 23
873 135
3645 103
3573 182
4210 149
1794 177
1174 127
595 196
1968 51
619 162
3734 115
1211 43
540 50
235 234
3201 119
3952 193
684 22
1580 256
3342 244
376 77
4442 240
3363 233
2743 124
3063 82
5093 115
836 13
4288 49
2683 73
3669 75
3641 240
1204 222
4108 169
2025 81
2715 88
4668 160
1609 39
2485 39
1252 248
2980 242
3095 218
4037 100
4737 187
2290 135
3430 180
101 102
5035 168
3898 123
1800 184
2851 148
3547 43
3110 68
3154 134
4109 82
3424 56
4655 18
3701 199
2791 98
851 159
4672 200
466 209
3925 249
385 103
4251 158
4919 55
4223 84
4360 36
4543 29
657 115
4222 190
1355 119
3429 211
155 189
1987 110
3720 159
3754 168
570 200
3371 165
4175 11
3116 136
3624 166
3842 157
1456 235
233 205
4530 181
1874 219
5036 28
2854 51
4998 166
3897 47
3903 171
2248 61
288 132
808 37
4405 236
4243 87
338 216
1052 47
2150 64
1838 102
4951 218
256 60
2975 256
4373 245
3037 175
2434 233
2974 181
3257 247
928 178
2748 87
2591 249
4267 13
4752 221
1835 94
4775 198
1405 77
1862 58
1698 141
2196 151
2317 218
1344 79
3151 148
3522 181
273 195
3569 199
4841 71
3763 153
2718 140
3819 13
3816 46
3679 70
1374 84
4973 220
2671 172
3237 191
3911 120
4257 56
3243 185
4152 166
2181 218
4050 250
1879 31
1469 178
2014 168
1760 243
1259 65
4223 113
4571 172
3758 167
3789 150
154 235
4268 74
3380 99
1545 148
4486 134
3255 229
2980 77
2795 44
2771 183
2465 17
5062 124
5070 219
2788 15
4218 241
2458 52
4803 108
516 19
1393 174
2580 21
3532 247
161 89
3159 238
731 115
662 221
3246 156
2271 81
2476 189
2793 240
1767 220
3925 37
5077 222
4607 112
409 157
1183 238
2994 199
1320 107
2828 38
1950 103
2443 245
2694 211
1989 215
2522 226
5020 35
3616 17
4570 173
2692 155
388 212
1236 15
4435 144
2422 57
3021 76
3666 10
156 241
5072 28
3018 36
245 194
1608 106
2199 41
977 78
3366 102
624 75
4911 34
1927 251
1864 204
711 103
1787 143
3326 162
967 149
828 213
3364 67
2128 248
3810 140
3229 204
3176 89
896 48
4510 204
370 129
364 216
2996 257
2806 101
869 35
3847 231
1843 35
261 127
4542 222
3052 121
4206 84
3024 49
1492 12
213 153
2590 242
1156 194
263 44
4223 86
1665 93
4518 165
5057 72
1057 30
3767 88
228 208
2014 40
755 187
3455 189
1665 211
4553 163
966 241
1141 25
4053 104
2778 31
2053 130
768 59
1598 139
1940 224
3768 222
1561 29
1185 65
4974 195
3481 112
3841 148
2648 198
4085 170
976 82
3893 76
591 125
1401 57
4806 180
2902 150
2781 49
3698 128
218 208
4955 134
5093 32
1169 217
3630 89
4097 238
3031 119
273 172
3679 128
458 142
4801 108
638 90
3829 165
434 50
945 211
1024 53
1537 117
941 247
552 104
4359 138
3991 160
2720 176
4013 116
1822 189
400 56
2712 36
2352 64
1007 105
855 114
495 137
3110 221
3131 145
1745 45
3780 25
2804 183
4321 249
2745 213
2974 123
932 118
950 120
355 12
4798 137
556 165
4043 79
3011 150
4980 227
434 214
2745 180
2754 66
4997 193
3730 84
1850 90
3463 234
2887 180
3268 89
3391 242
649 116
3124 142
3365 243
2297 244
2813 248
552 81
3218 108
1107 60
4365 223
3382 44
1852 32
3752 207
107 59
256 138
4640 27
3395 210
1280 212
1364 61
1372 39
4335 84
3168 228
3639 148
900 106
2975 71
4269 32
4993 185
2334 160
2853 151
2030 118
2639 233
2809 216
3727 61
136 115
458 224
1811 206
4739 89
2375 257
432 71
2063 199
1624 124
3051 234
3151 40
1979 14
2991 224
3973 192
2365 138
4677 226
670 208
2994 114
3609 26
3554 56
4107 253
4120 102
1893 184
4427 160
3841 259
4184 41
3445 100
4231 49
4023 235
1072 157
1523 222
1285 160
4019 195
3523 220
1289 179
2117 62
4052 72
2484 127
3744 11
4855 48
4931 147
4031 137
3726 171
4175 129
1820 244
3850 239
1971 41
2815 159
2086 192
3284 166
1233 209
4655 105
2203 47
1937 42
1476 18
4350 208
3714 86
1848 179
4116 129
3536 29
3267 68
3223 10
332 96
3591 145
1701 251
1725 158
3445 211
4963 229
2203 182
2337 156
345 113
3055 19
2527 255
4780 49
1997 162
681 185
1267 26
495 139
2996 77
2077 80
3206 51
1187 125
190 96
3478 136
3714 238
3936 126
373 146
254 146
2220 210
2863 98
2021 26
617 192
4738 191
2363 146
1115 116
877 208
460 152
1903 220
1003 91
2277 190
2410 226
2376 205
1345 156
4373 40
2161 136
4023 152
1104 45
4990 56
3614 139
914 144
610 38
1736 59
840 240
1994 66
2682 240
5077 163
4984 163
3689 246
2815 126
2975 185
233 98
4078 258
3426 108
2089 192
3843 203
3625 98
2166 107
540 198
234 132
2472 259
4291 151
2238 239
4141 70
4297 199
4101 229
2767 101
2833 38
1736 189
435 170
1842 177
2391 216
3365 68
1234 30
2314 226
3050 22
2240 121
2160 252
757 12
3605 220
1014 109
4287 79
4597 94
4876 31
3595 187
844 253
818 246
2237 18
3391 213
3031 205
1226 27
2208 237
3093 192
4885 34
4274 235
3113 142
1043 122
2222 234
3450 254
4791 25
4145 218
632 195
2228 46
2377 202
2353 38
2539 221
584 23
4147 227
4716 238
3327 58
3070 71
3420 119
1980 230
1521 189
3454 208
4523 102
764 221
3041 152
921 133
2824 114
4292 147
4506 109
2834 169
3820 76
4682 246
613 198
4065 95
1295 186
1809 24
566 135
2879 115
4534 221
3725 107
3583 94
3389 223
4604 104
3637 242
3446 91
4567 207
4694 244
3457 177
2135 146
821 41
4522 134
3907 190
2502 202
4133 172
3799 219
1186 11
5031 58
2764 193
4760 28
210 122
3638 80
1511 162
3755 72
4399 212
551 161
3539 53
1903 256
2039 15
242 211
3766 110
4811 63
4201 38
2428 150
3818 81
1351 243
4223 183
4126 182
3537 95
1502 27
3754 259
785 68
4062 186
3254 101
364 132
1463 175
2468 196
3578 99
1711 19
3079 39
2963 82
3451 112
1277 170
3722 193
4654 104
1950 207
659 194
5027 256
874 153
4406 219
3428 20
3608 49
5070 231
4622 51
550 254
1556 212
3254 55
1149 251
2367 175
1000 100
3015 69
2631 90
2143 119
2732 185
4099 81
2208 166
1170 259
3887 229
544 51
983 24
440 20
4698 223
4384 16
551 30
3875 137
4304 83
911 157
4592 30
3124 107
619 127
500 253
4522 253
3919 24
4273 53
2002 28
4215 248
3996 62
1608 190
2689 143
3778 73
2577 94
1739 13
4775 71
2394 12
1413 205
2675 174
3484 115
227 43
2395 90
1507 49
1696 70
4389 86
1723 102
3655 50
1144 24
3967 259
636 181
1179 200
179 47
4117 149
2708 180
152 231
3095 21
4218 102
2708 77
2095 187
1021 118
5090 27
2016 81
4474 55
4365 156
269 218
609 131
263 150
1838 107
1353 183
602 25
1568 22
1021 238
2405 252
1359 204
2307 129
509 150
3419 192
1161 165
4964 25
3609 197
2852 86
441 22
1395 56
3606 59
4211 235
1574 203
2705 86
588 191
1712 69
238 38
3181 229
4836 178
4995 77
3335 242
3291 93
1773 216
2901 253
3470 35
1744 54
3478 245
1318 55
4997 151
1613 30
1765 215
5083 131
1630 243
520 29
2818 249
3949 60
605 172
4888 213
3395 190
2613 114
3423 194
3246 223
3589 43
4812 23
3135 29
3605 25
1158 57
1473 21
3205 82
4892 17
2409 197
2929 147
2929 39
2452 152
4653 258
205 64
4417 122
2602 82
216 115
351 145
1138 219
1261 61
2018 121
854 77
3027 163
1630 119
707 139
3100 222
3155 148
944 244
3367 219
4905 255
963 41
1279 90
3776 161
2106 59
2053 75
4428 192
4233 226
4216 138
4551 194
835 203
3949 229
4142 49
2023 28
2594 140
3997 31
1961 94
2958 19
509 149
3826 162
2764 30
1813 175
216 41
4334 95
3562 51
1621 230
2371 81
2513 154
4249 21
3162 181
1895 58
2644 63
2633 238
692 222
1289 104
4064 137
3529 203
4242 69
3002 44
492 117
1911 162
3472 174
868 254
916 138
132 158
3093 79
608 31
2047 94
4199 100
4848 164
4384 238
2329 140
4119 101
1058 29
4428 207
2517 88
3299 76
4730 25
724 163
2819 189
2018 112
1226 170
2757 159
1589 63
4952 99
1494 207
323 27
600 258
2768 126
1866 51
3404 100
1863 214
2776 148
412 132
1100 195
1020 102
3649 162
4864 123
4633 109
2293 70
4200 154
2094 59
4400 139
4998 117
1226 60
4163 102
1101 111
1622 112
1408 238
924 190
925 173
2461 204
2282 215
4198 79
4793 113
1821 124
2268 191
3500 28
1676 183
783 124
4759 62
3336 124
960 192
1526 60
1277 211
2065 242
3890 116
3221 110
3691 59
2312 153
4059 222
4477 145
495 138
2954 19
1976 209
2355 225
2147 173
2665 30
3686 114
2951 244
481 185
5023 179
3455 231
3523 220
2165 111
179 182
519 50
1204 213
1236 178
3091 33
4894 209
3258 147
689 59
3317 205
2250 214
3909 12
3133 32
1376 240
2845 169
2729 216
508 163
1663 226
4526 30
4589 67
2862 246
1934 170
4785 116
1174 155
1195 17
4353 259
1886 144
4058 123
4362 128
3094 11
5050 21
4341 69
5040 142
3518 67
3699 160
3856 108
4760 35
2899 128
773 54
2925 50
2994 224
2721 22
5098 123
4691 242
312 103
2539 175
2824 69
1004 34
598 98
391 211
2923 254
4872 145
2333 237
4791 201
1746 89
4476 165
3930 234
3264 49
1653 187
3747 198
3143 90
2459 14
3691 38
4500 150
533 215
4818 135
4348 196
142 150
1997 52
1807 34
1359 228
931 121
361 230
3712 115
3583 188
801 230
1030 228
997 157
4936 93
755 242
1711 52
2224 39
2390 181
3816 253
1188 180
3532 115
3031 171
1534 72
2163 25
4687 221
188 44
2071 235
3166 157
1686 81
3613 91
4835 170
4516 48
927 97
3730 225
1679 245
3352 79
4945 33
4948 57
4672 208
2727 61
4702 88
3032 241
416 21
4757 24
3447 111
1539 81
944 79
2846 23
2136 205
2316 158
1162 76
2956 208
1414 225
5061 218
2870 256
3957 157
160 161
945 79
335 58
2026 227
594 168
299 51
2430 150
4114 173
4948 230
4360 126
1333 108
480 31
3697 222
1086 176
2796 225
1277 13
355 107
5022 176
2967 223
2210 170
2831 22
1241 184
1779 99
4251 75
1353 14
3342 93
2902 112
2419 16
2943 158
506 147
257 161
3623 207
2470 65
3624 216
1092 56
3564 10
253 40
482 101
620 175
2701 183
1230 120
5004 90
3220 19
1286 135
693 259
568 35
202 144
3449 195
1583 149
2379 200
4132 255
356 158
3345 189
3901 118
4721 166
2426 82
2350 86
2356 211
1277 170
607 112
3877 103
3287 188
1718 42
1723 65
657 193
4179 195
3146 180
2873 30
2982 29
2145 238
3991 141
4901 234
374 169
674 120
2706 68
4926 178
4816 113
441 145
3035 254
2929 30
550 256
4182 83
838 99
2414 43
432 223
627 158
2479 207
119 231
3853 101
2499 45
4778 124
4800 66
1222 62
3576 134
1524 218
5067 185
5008 117
4812 65
1551 193
1296 122
2351 27
4523 18
3377 256
1588 44
4230 88
2637 32
1407 161
1804 12
1197 68
4001 79
3694 154
4654 252
669 30
757 156
1266 51
2851 192
787 47
3777 146
4015 213
1331 23
838 55
3160 193
3147 160
3528 259
3235 99
2793 91
198 68
1719 82
2060 221
3974 189
2609 172
1426 185
3178 237
3098 64
864 41
4886 145
900 152
3406 206
2191 13
3576 51
1218 219
793 225
827 254
4809 156
1602 139
3682 63
4844 216
2385 34
2354 148
1960 233
4536 237
1309 18
4530 252
4979 66
2374 24
1571 138
4423 91
3608 226
4513 37
988 83
4603 203
1367 243
3876 254
2106 179
1534 179
4604 58
4786 81
3169 130
4734 200
1747 83
4172 155
3148 22
2512 224
1613 31
4330 30
832 102
4264 59
783 12
2250 16
2983 62
4328 75
5035 134
505 142
1552 93
2405 63
4845 135
4701 28
4960 210
542 227
4944 19
2491 130
3436 80
1675 72
2945 216
4154 141
3427 128
4737 181
2024 246
4728 22
1061 154
1332 131
2673 165
2717 176
4674 213
3959 54
3507 10
351 19
1409 12
817 82
1137 21
414 181
2864 79
2153 188
4109 125
4630 107
4811 185
3189 168
898 185
3618 43
975 45
3600 259
1971 14
3405 165
876 24
3562 150
909 157
3497 96
1734 117
1357 136
4592 188
1526 71
4436 187
2545 159
2451 20
4443 232
3560 225
692 241
4771 234
1288 70
1477 120
4674 60
5073 172
2513 257
1495 202
2523 161
1542 46
871 122
5083 42
1856 62
2528 63
3868 256
3146 25
1854 251
1109 64
2777 22
1368 182
1804 71
3711 180
3210 196
4619 45
1214 248
2791 253
2263 252
418 10
1473 57
3593 25
2215 39
1462 222
4093 132
4952 90
788 94
2222 222
498 161
4167 110
2977 102
4595 111
3383 230
941 50
4439 239
2618 228
4634 50
375 181
1442 164
1254 96
4810 79
5030 89
2379 145
4225 131
4189 33
1053 209
845 77
925 121
375 36
3355 125
276 146
2381 215
2468 165
4866 123
150 125
1283 181
1793 133
4844 28
3748 67
1081 178
4203 111
1246 41
2484 133
4130 48
3926 193
2164 101
1793 73
3915 117
3996 252
1327 259
3580 77
1328 15
3225 184
2655 67
234 39
5007 12
4754 44
3887 234
207 192
744 120
1162 78
4266 49
149 152
4949 209
1129 132
1283 66
3614 84
2181 140
2675 216
1494 58
1316 24
1739 159
2951 202
387 235
2964 85
3318 68
4598 163
1321 227
644 51
1723 146
3669 99
3525 84
3774 119
650 102
4105 66
4154 43
614 22
527 27
3788 178
4417 55
1349 54
419 127
2143 17
4758 85
2718 226
3996 211
4308 170
4110 171
4223 67
4559 201
1869 163
3197 255
890 66
4135 150
155 38
1917 23
2594 251
1628 37
2093 61
770 16
4951 165
5041 66
3628 85
1359 252
1764 224
2749 240
709 39
949 121
4043 225
3845 192
2829 69
1093 34
575 239
2543 40
3137 59
315 103
5066 141
1646 252
104 56
860 67
4843 43
5074 27
759 71
4500 256
1116 104
4453 196
479 33
2415 50
804 239
4777 134
4354 125
4119 120
4924 215
4117 188
100 16
467 173
3544 140
2405 124
2542 232
709 218
2292 92
4273 85
4665 163
3618 98
438 134
959 70
214 220
2671 36
529 230
1274 174
2869 125
299 194
4591 40
1630 95
1975 96
1199 258
1893 113
132 158
4836 166
4706 23
3272 218
4733 102
577 153
1226 256
2024 67
452 137
558 12
2740 70
1352 178
650 11
362 82
2357 66
3383 127
2373 96
3334 220
2944 234
4743 192
760 240
694 80
4807 130
3692 140
2503 134
3203 30
2441 57
3833 150
3383 194
4399 209
339 24
4368 129
4856 206
389 227
2868 210
1927 170
4714 246
1205 256
3200 198
3960 149
1793 101
3730 253
1317 228
3681 211
4762 222
1175 92
1063 207
1590 149
4956 178
4124 62
1274 243
3543 175
3287 136
3145 32
959 194
391 79
1207 101
2957 231
3551 222
4185 26
737 175
3165 193
216 128
937 252
3564 76
550 71
2227 194
4948 141
4187 181
2934 107
2400 38
4691 200
2141 79
4591 234
588 244
272 173
3273 138
3238 75
3248 245
2435 38
5085 96
3572 74
2059 238
3141 160
1135 156
2386 29
1608 98
2709 69
4510 106
231 256
1143 66
3513 136
350 201
4652 144
376 206
250 144
2441 63
4984 113
4363 119
1763 237
3870 88
3706 193
2433 178
4430 24
1744 133
4366 11
1193 27
2117 62
963 206
1057 158
1583 100
2690 238
2069 179
4469 203
5001 145
1092 35
3146 10
4488 91
3490 26
3982 192
787 241
4376 190
3982 32
934 258
125 250
1494 220
1616 207
2203 28
3923 26
4602 81
2100 191
3051 128
731 208
2717 63
3158 81
4634 234
2100 138
531 203
5021 51
1455 190
3862 183
391 32
4988 250
377 254
1471 66
850 208
1053 201
1199 250
4412 222
1770 46
4586 223
3795 96
4660 163
992 184
2084 123
1813 234
4217 109
2571 141
980 143
2943 193
1698 138
1569 16
4517 181
740 46
2988 96
412 77
684 25
3014 259
960 32
1811 241
212 101
1779 178
4250 138
3245 196
3635 239
4770 155
103 211
3005 161
2417 206
3516 70
1277 128
2800 37
4131 248
2982 240
2006 91
1930 202
1712 155
2767 218
3033 131
3016 190
1765 87
4868 237
702 132
4296 21
1941 169
3011 36
109 119
3483 158
2369 99
3530 89
2321 64
3182 119
1155 23
2830 212
657 205
2877 216
3945 173
1390 70
1026 128
2471 197
2545 25
4347 70
1332 126
2399 19
2607 222
3630 144
4946 56
291 17
380 257
1662 177
3227 229
4211 213
3517 176
1626 72
2121 55
2449 12
949 50
4290 205
2811 207
4876 44
1821 206
1392 26
1434 47
870 144
3491 227
598 40
2865 78
3793 218
3588 217
2010 194
3551 147
2037 13
1139 83
1245 138
3422 176
1635 258
1749 79
4072 142
1856 150
425 218
1855 120
2614 139
2705 129
3787 117
2031 109
3114 172
3392 17
1938 217
4367 31
257 223
3062 100
3785 33
3898 60
3061 184
4797 105
2350 184
4108 187
2326 222
1902 15
1750 142
1485 104
4653 31
3240 157
741 118
4151 117
3014 226
2639 51
2828 86
4540 63
3893 130
2359 31
2933 205
1150 247
990 196
622 121
627 123
4354 147
480 75
3202 188
4928 177
1274 131
2841 72
4079 104
655 235
4710 189
1245 242
159 175
1348 170
1147 186
1504 131
5050 86
3755 238
2808 125
3591 149
1904 110
3870 84
3784 179
4707 97
325 88
4547 144
212 234
3930 68
2330 166
4665 190
4530 206
3406 253
2383 55
4862 14
3782 115
1120 130
1487 53
4831 246
1995 182
220 46
332 86
2178 74
1614 182
4905 190
1519 258
2840 98
3996 73
2874 201
838 174
3065 72
3977 137
4346 180
2606 24
2964 46
3489 130
2629 77
4073 185
1612 136
4250 211
1266 226
3892 86
3722 199
4509 124
2727 25
4644 95
2873 135
4860 149
3683 248
4433 159
1311 88
3110 78
1824 253
2536 225
1301 37
3219 191
4250 79
4127 165
3050 23
3297 257
2426 182
4047 223
4186 21
2663 55
3691 67
4655 224
809 201
2969 148
4334 54
2726 51
5092 82
3387 180
4236 188
419 136
4454 70
4853 192
3071 42
310 218
2294 145
3384 198
3066 155
4477 114
281 183
2444 26
3330 113
2661 12
2218 172
4383 180
742 25
4481 21
4455 64
938 211
2403 133
708 242
2876 22
2786 112
4648 65
3615 102
1444 58
3176 219
3624 229
1377 211
2306 59
605 134
2426 100
1536 221
2463 201
576 165
4803 145
3535 212
2005 13
1400 23
416 136
306 91
3904 71
4074 46
1667 107
3924 254
372 90
1215 177
2089 206
329 14
780 152
5059 220
1294 177
3100 50
1141 78
4519 99
1490 241
1297 111
157 190
1312 144
553 116
1369 250
1823 211
140 134
1671 172
3117 59
4598 57
2943 108
4540 239
4726 179
2138 23
2204 199
3131 41
1855 73
592 106
3328 218
5015 31
793 65
2457 214
1073 21
2252 112
673 143
2000 31
5050 130
3842 250
4754 29
2239 254
4281 122
4739 228
762 16
3487 231
829 37
1426 40
294 67
3463 242
2474 48
4055 174
2285 182
3960 162
4467 151
147 40
538 33
4076 21
342 111
4858 32
313 108
5010 202
1784 188
2801 241
3985 127
1420 32
2566 115
1441 44
759 221
4342 258
1550 102
1038 98
449 126
675 175
4744 98
1168 218
1321 145
4221 128
1429 73
3796 140
1995 121
3296 170
4340 62
2913 190
2415 183
4901 104
3915 233
741 76
3875 249
450 163
1610 209
494 84
3114 53
3069 89
2267 161
706 157
468 180
1453 90
551 173
1115 118
2088 122
281 202
1449 109
123 34
1217 97
2207 31
4829 258
3800 216
3536 138
1397 140
4065 239
1466 118
1565 187
3640 74
3721 171
2831 117
3130 218
3019 32
1300 110
1689 191
3894 118
142 171
3054 254
1188 233
3946 82
1934 57
3856 159
656 11
3461 29
3000 251
1138 222
3985 12
2408 33
3542 44
2886 185
4587 178
4338 13
3841 74
4706 145
1905 41
4219 198
303 89
938 87
4491 236
347 99
3065 97
4852 183
4643 162
305 256
167 161
2888 97
4606 36
999 239
3283 78
2969 71
4337 79
2746 177
5017 209
1877 11
831 99
2430 42
2757 188
1684 102
4010 214
718 205
4102 28
252 177
4173 217
3341 256
3836 119
796 113
1008 73
1431 90
2478 111
502 230
4175 70
933 257
1391 194
3216 218
434 98
1063 77
4445 14
1192 73
2358 80
1845 27
1257 229
902 45
3587 33
699 136
1981 212
2908 113
660 26
3094 147
3668 137
798 214
1401 29
2268 199
3185 210
4186 246
4871 148
3007 21
1696 40
770 80
2881 256
4484 143
710 152
2457 93
3069 258
2166 120
4685 132
545 212
3540 258
3779 25
202 179
4978 228
4062 102
4339 209
1694 32
2648 126
3838 70
242 68
3740 43
4775 171
822 214
2420 86
4927 146
3339 24
2618 71
3557 140
3267 209
1578 114
3923 32
4367 66
3180 29
3550 27
546 94
3940 247
4036 221
2756 164
4980 253
4140 212
269 241
4824 158
3545 39
3077 257
3041 58
4260 67
5085 192
2635 72
3476 207
254 75
1235 227
5062 144
2456 243
1557 204
3245 144
3626 165
1978 77
414 59
370 17
2332 216
3074 207
566 66
4820 242
4700 211
293 87
4305 247
3275 157
1608 104
2745 141
3601 243
4960 66
3196 119
1711 163
286 116
1284 148
4830 240
4811 111
303 156
2041 254
2138 219
1735 38
2015 216
3176 103
5095 99
1543 166
3579 45
1107 110
1180 250
1516 104
4383 157
3617 107
2594 177
2582 197
542 200
2303 212
2538 88
1294 27
4458 94
1591 74
553 230
3375 46
3445 194
4312 25
1927 238
3831 103
2414 206
3842 107
1163 256
3612 115
621 124
2798 257
4504 63
2853 119
2477 185
3310 111
1528 228
663 227
2420 88
3839 220
800 20
1485 212
3854 222
2570 145
4592 84
3016 236
2144 174
2363 191
2659 143
688 227
1678 236
2266 39
5084 203
3714 133
1989 192
591 16
4177 32
2698 79
2942 111
4554 251
450 148
3797 157
3980 161
1472 227
2639 81
4462 110
2435 183
1533 223
1797 142
730 155
906 39
2117 144
4453 217
1079 200
3684 218
3688 244
4824 62
1851 193
2262 212
2242 238
1095 133
4232 125
4887 154
3323 58
763 164
2801 161
186 226
2601 243
5038 21
630 169
4853 79
3005 225
2315 72
964 136
393 21
3428 258
696 60
444 229
3937 219
3993 228
4589 12
3907 240
3114 168
2871 113
358 146
743 179
4983 172
4681 82
1040 49
2813 249
4036 98
430 228
126 128
3934 224
4256 140
4035 199
4402 64
922 204
238 95
395 217
853 44
1199 17
2380 166
5030 238
2631 246
1965 17
1125 21
284 252
4083 104
930 11
278 119
3087 224
4841 72
3607 86
4372 56
4280 173
2981 173
2171 72
109 173
4509 150
2238 44
878 148
1856 181
1669 94
3281 10
3050 88
1205 49
4924 91
4062 170
4616 144
597 163
277 14
4215 247
4222 78
1006 244
2714 61
3524 202
4901 74
3692 38
4905 177
4453 124
2303 51
1003 17
2463 123
3738 119
4493 108
1257 98
773 181
3042 229
3307 116
2670 124
3383 250
3668 110
2272 197
1361 119
1951 85
342 226
1087 93
3405 50
2761 179
4056 60
1672 180
964 106
4800 24
3966 91
770 118
2466 247
4392 28
3366 34
4121 144
1857 15
1407 62
4712 99
2193 256
1909 115
2018 151
3718 12
2478 35
1596 250
3028 56
2507 55
3346 110
2525 239
2762 246
1828 121
4469 14
4440 136
3516 12
2339 31
3802 179
4778 122
571 218
4944 123
1127 71
2293 160
2768 197
199 99
3161 218
4743 169
4649 36
1782 146
227 128
636 205
158 248
4016 66
4484 98
5042 172
2899 93
3467 172
4725 157
4465 32
2973 30
4594 205
2732 164
782 45
356 67
4468 15
1196 31
4234 16
4855 246
1551 247
3201 97
494 58
2624 26
3537 63
3269 138
1786 128
4235 47
4257 108
4965 19
2070 69
4320 42
4645 259
5069 239
1292 174
2772 139
2769 127
4307 108
3696 13
2505 49
2921 83
4647 78
193 26
3788 149
3771 47
3159 202
4799 133
125 202
587 41
2428 241
132 106
710 223
1510 257
2542 161
1974 213
4444 233
2898 145
4637 16
2894 122
505 148
3733 16
1002 228
4929 69
490 69
4081 152
1747 251
1342 51
2116 202
2628 195
3043 133
2420 25
4483 181
3267 43
1908 213
357 126
4901 18
756 10
2572 210
3185 153
2279 203
433 11
4390 202
2774 67
2073 192
1994 254
1332 249
1890 256
2804 34
2339 197
3019 153
319 67
4131 141
2469 32
2340 110
5056 101
1493 199
3463 169
4613 252
4548 27
2306 216
1496 248
3324 81
2007 156
3730 214
1941 160
2420 41
2783 38
1991 59
2517 86
165 237
798 71
3278 187
506 51
4559 31
4049 121
1183 211
4036 246
326 49
4161 166
725 182
2419 110
2453 58
5015 202
3918 225
559 180
1299 246
433 162
1916 80
2414 216
4266 143
927 105
3709 23
3531 73
4033 171
4504 168
1393 183
2631 105
3347 103
1548 33
1987 253
2271 79
1382 143
3747 164
832 79
3555 98
1660 161
2097 52
1533 155
4914 55
1533 63
3958 236
2479 247
4952 85
3226 52
4182 76
4918 165
4345 47
1448 29
294 59
2591 170
1810 12
2558 135
1742 102
2941 25
4136 23
302 188
3208 134
4870 190
272 114
3102 252
1981 191
3068 145
4486 106
2918 103
4390 21
3901 121
3578 151
668 85
1308 209
2863 209
3160 61
3208 106
2704 71
3591 110
2998 139
1877 21
1274 54
3435 36
1419 30
2607 162
121 164
606 240
3773 88
2589 255
4508 146
2868 191
4967 10
3511 226
2663 192
2809 144
1051 233
1347 152
657 158
4661 92
4881 97
2717 102
1336 44
2695 115
825 23
2810 110
2321 251
1166 119
3553 211
4859 54
3068 89
831 212
870 100
1194 161
992 61
2024 226
625 89
845 164
1649 160
4294 123
1679 37
3710 89
2990 179
2606 49
3929 12
1293 193
3666 40
106 21
2405 71
3995 34
404 139
2446 13
422 43
4974 189
4442 199
3673 175
1795 88
560 104
2026 150
3681 197
2123 12
2243 95
3972 20
2223 61
4127 107
216 232
4288 84
4488 187
2056 249
3481 114
2861 42
3241 217
151 15
1520 38
2203 204
2522 190
178 67
2530 60
3263 190
2910 108
3020 49
3211 188
300 154
3352 142
4327 250
132 225
4818 11
4547 230
4237 34
2644 249
3562 192
3901 65
1152 34
2366 233
586 157
2038 223
4583 114
4229 56
3365 174
880 182
2053 94
4084 154
2990 120
3281 230
5062 241
2872 65
3411 37
4231 19
4119 26
2353 110
4750 216
3618 254
2833 151
2407 216
671 35
557 22
1065 83
4886 134
4821 72
4275 19
2150 110
4038 39
1320 224
1566 159
4169 159
3485 31
4331 105
800 80
299 137
4773 18
1674 195
2505 36
3211 23
2475 240
2519 13
1500 183
3538 245
864 195
4129 57
600 252
2407 54
2145 188
2672 254
877 120
3029 175
1246 35
3095 177
3490 10
1353 223
2181 151
3060 32
3068 94
782 129
967 30
939 156
2667 227
955 83
107 116
2878 32
281 75
586 252
4635 64
3919 71
1916 139
4371 247
4722 139
3183 156
1232 160
3952 122
4849 15
3121 206
745 169
2948 126
4536 202
2825 253
4585 182
1047 229
640 123
398 35
2829 28
2159 162
1210 76
4393 106
2386 71
1633 215
907 92
4308 210
4447 78
2539 63
2989 177
149 169
3503 213
1006 100
2853 204
1050 42
2916 191
627 39
3145 180
2963 44
2063 57
928 27
426 176
402 237
5032 110
4896 31
3410 123
2255 225
889 226
571 236
2754 20
1658 130
504 55
1700 203
2418 19
4930 73
4938 128
2453 56
2584 155
4568 171
396 85
1203 170
4138 216
1314 57
4738 63
3369 135
4716 259
271 156
560 206
3320 234
1312 256
1095 236
4827 82
340 178
4447 139
2237 215
5077 231
3658 121
3898 233
4259 243
2187 101
1540 178
1001 81
2203 43
4693 138
4445 214
2500 154
2027 20
4685 253
2239 151
973 213
1107 137
255 185
476 35
1810 47
2793 52
4510 254
739 122
1762 116
5033 28
1151 259
5045 231
4044 72
3061 102
1609 258
4312 108
5010 181
1141 20
3748 246
887 60
2381 129
3382 194
2126 220
138 103
5042 220
3608 168
4825 134
1111 124
4399 217
4295 100
1837 250
1241 63
2299 73
4566 17
5015 124
138 103
512 47
2258 72
4591 231
2426 138
1778 220
5039 83
2243 239
4644 240
2410 145
594 76
745 168
1219 159
1469 139
878 93
159 186
4490 74
1492 217
420 28
603 56
3804 120
793 166
3702 212
1578 212
3665 176
2311 257
1590 29
2853 234
958 166
4039 104
1834 33
1919 213
1221 134
1002 154
3630 97
3002 248
3991 74
3803 81
1240 59
2640 97
2209 35
3728 55
1678 153
1819 208
684 237
4422 163
1462 188
4677 142
3622 201
113 219
2419 255
3767 147
1222 151
414 210
1561 195
1881 104
327 173
1679 135
5021 82
443 132
4139 148
4918 237
1051 222
4456 75
1003 196
286 122
2080 169
4017 125
2247 132
3125 21
839 257
2395 97
4084 201
1569 193
547 142
666 86
3581 60
720 216
4159 120
3919 19
3688 43
3374 168
2674 199
4014 91
2331 179
2321 205
2513 198
3914 104
563 233
4197 24
1948 100
3568 184
4783 259
4911 215
1606 180
2368 144
3017 172
1621 13
4028 145
3158 240
255 79
1281 175
2287 39
2812 64
2861 136
752 16
2683 164
4372 75
2034 161
3465 72
1482 18
750 32
1344 14
2659 158
732 248
4992 52
3316 251
1175 67
3134 115
2104 72
5091 34
2811 160
978 234
2438 193
3139 60
244 97
4140 67
1647 170
2040 257
4513 204
2145 191
2198 39
2326 242
1061 239
288 81
1444 136
2382 52
2345 41
4821 152
1270 257
4418 131
2006 71
2198 74
4287 210
4494 90
598 98
2389 99
1599 252
1613 227
2890 24
1252 154
2130 174
879 70
1714 92
1969 200
3512 23
706 177
3393 249
541 105
4534 212
4105 208
4720 136
353 38
4158 26
4022 11
1502 224
793 121
2097 15
2741 221
3669 96
4943 102
947 30
356 128
1944 110
1319 41
4895 146
2294 60
1075 209
4690 15
4981 230
911 28
4629 117
945 83
921 145
1145 144
1351 182
1030 24
4500 103
234 46
3084 105
3949 80
4519 143
1492 97
4249 58
3821 229
3312 19
2154 90
2892 201
1005 210
4822 214
281 229
3292 75
2283 72
4236 101
722 120
130 155
112 236
4192 243
149 25
4219 22
932 69
2537 83
1144 138
4804 198
2538 235
1656 29
356 123
3416 102
520 45
4362 171
720 168
4291 156
3755 89
1344 148
2729 55
1355 37
3972 118
182 149
4785 243
1769 54
4375 211
924 59
2594 225
1035 183
2325 184
3224 242
2641 138
4664 228
1090 36
5043 218
4714 149
1414 135
660 149
2914 226
3499 104
3080 185
2610 254
3764 183
4231 187
853 88
4046 167
3309 31
2414 105
3240 211
597 41
1000 225
2599 27
547 198
3476 124
1540 109
1224 49
922 231
606 48
2957 189
3523 168
2966 186
1801 119
1245 37
4486 25
4898 169
3019 133
1565 100
3895 159
292 204
4670 202
1009 130
413 35
369 55
3988 95
2923 26
4737 78
2857 191
1468 104
2800 48
1816 231
2407 138
1366 159
729 184
2131 21
2580 230
1254 227
409 155
2035 148
4388 242
649 211
4724 53
3160 83
1404 165
3695 126
2884 132
881 187
1431 127
912 32
4124 230
1848 93
4733 200
5008 240
2969 84
573 102
3835 99
748 30
1061 41
5092 100
4872 19
3894 132
545 148
1674 234
518 118
4200 229
4021 149
3605 107
4463 136
2476 220
1061 105
4028 242
2456 158
1707 250
1279 167
2849 54
4919 11
2241 11
3975 236
2701 93
1114 65
1035 47
4335 13
3976 52
4871 157
4970 88
1193 187
3915 40
1889 170
3217 139
1359 22
4764 120
3593 247
3681 92
504 73
987 113
2549 145
3490 97
619 54
552 168
4450 230
3565 207
4019 89
266 98
1663 113
2233 28
3925 105
183 230
3331 181
2922 145
1605 120
2070 24
2047 258
903 58
5066 165
1936 201
2086 169
4102 131
4328 101
1626 146
4196 184
2974 67
3243 77
4469 68
1963 112
4439 135
2888 124
5004 181
4724 26
4876 174
1512 147
2751 149
2051 137
2189 106
1054 50
5058 43
4798 55
1928 220
218 256
4003 72
2709 190
2471 213
4107 117
2361 73
3582 44
4279 255
432 215
3633 15
4010 144
3200 69
2271 49
1141 28
1669 120
2845 20
2394 125
1178 185
4178 161
1025 226
4155 167
225 63
4519 129
246 181
3943 239
1234 57
3020 48
2271 149
191 245
3968 217
899 244
1744 65
3959 72
4403 103
371 119
3872 209
1067 125
3198 146
1319 72
1178 144
800 254
3222 34
4526 54
4309 164
1169 70
1148 108
1470 17
1907 18
739 148
3106 26
680 256
4549 142
2017 129
4398 195
660 136
2741 154
1402 203
3281 212
4366 214
3982 126
701 241
3807 74
254 251
3884 112
203 65
2726 159
4888 111
1358 193
3320 101
456 212
2108 56
2866 38
2786 188
1109 108
3765 180
726 239
3421 12
1584 120
2013 230
487 143
1458 192
4721 208
3166 70
2368 222
432 249
1522 78
3123 41
1750 190
3630 223
2421 247
4344 200
3742 145
3106 169
2635 128
4400 211
1799 226
254 61
1564 137
1078 119
413 34
2951 67
1259 53
4051 21
1857 68
4255 231
3948 153
3110 119
1996 180
2673 37
3633 111
2960 174
163 39
3979 113
1743 161
4579 90
3092 120
4612 82
1846 24
3132 150
2913 199
1620 47
3435 107
2462 132
4222 121
4179 222
4765 208
1127 71
192 81
1664 199
4761 249
5012 162
2769 166
3294 107
3980 10
1497 54
1915 175
4325 164
4645 143
191 28
3916 187
3823 119
4734 190
226 77
3762 163
3981 81
1137 125
4113 114
1577 49
1015 240
1870 157
3165 82
3120 154
2612 236
2354 49
4477 198
4343 37
1942 156
759 204
4472 90
5015 165
3239 180
2408 17
4008 69
1411 86
3935 116
3243 241
5047 55
3055 111
3362 78
2355 118
3891 128
3531 21
3018 46
3573 29
972 230
360 34
3392 78
1123 157
2213 252
3934 37
2352 153
4342 165
1946 19
510 89
5097 163
1457 144
2395 152
4276 183
669 38
2427 69
4723 90
3471 30
5032 17
849 28
1635 233
572 102
708 55
4924 213
1552 238
1541 194
2981 127
2483 178
4342 202
4137 257
2656 167
5086 111
3612 237
286 233
392 149
1168 121
573 180
2520 172
2583 60
3262 48
4450 203
4472 101
3817 13
4275 24
4473 57
441 166
881 250
2831 68
3418 207
4011 38
3346 36
2677 180
2714 108
735 83
699 193
1145 209
4113 127
4890 52
1049 27
1686 239
2925 95
280 29
1385 143
459 234
2810 12
115 156
4409 150
1989 199
2137 132
943 108
1918 13
3877 117
1904 193
647 102
4762 33
588 135
219 40
511 154
4351 234
1283 29
3346 136
1337 115
735 125
1733 182
3313 212
3633 214
2243 115
280 71
2079 59
1864 126
1682 58
2867 26
2272 216
2756 39
4101 199
2130 256
4477 36
2676 258
1121 253
555 133
1100 157
4062 59
1817 127
2689 248
1783 106
924 62
174 35
1426 233
388 41
3405 126
4101 246
3344 93
3544 139
1401 248
1003 236
3112 59
751 124
2251 241
4924 216
1955 205
1052 186
2479 169
246 60
183 78
1265 33
3611 46
1953 122
3785 99
778 97
2045 60
2458 188
5082 225
2907 117
2986 52
4989 81
2445 128
2813 124
3443 18
3545 140
4070 139
1989 59
4295 125
4404 105
826 212
4301 35
1407 238
4203 132
3156 147
3599 238
820 222
4578 207
2042 80
2882 219
2999 248
3358 189
4038 247
5036 82
1141 126
2338 11
360 248
125 50
3550 143
1598 251
5040 94
4250 185
5072 176
395 113
2144 256
4969 242
2594 66
4615 34
2050 236
3276 161
4601 256
782 190
1791 152
2155 211
4805 199
1640 139
4457 92
1675 257
4826 28
3288 107
2666 227
670 184
939 242
3884 161
1088 195
4967 206
4892 164
3902 28
3041 249
2182 60
3768 150
2970 49
1145 169
3076 97
3930 84
3245 27
2036 195
4476 14
4015 116
4375 216
146 218
3759 223
1995 188
5008 195
549 241
4893 112
1299 56
867 145
859 107
1048 199
1000 91
4392 251
2200 240
3766 169
5064 92
939 254
4238 150
3690 65
658 109
1545 148
4266 210
2861 106
525 40
2252 251
366 192
3578 152
4417 240
4998 188
3619 70
3811 61
4597 141
5067 244
4389 93
4192 184
396 150
103 126
2662 118
1554 250
1839 46
687 101
2453 214
4039 144
2327 159
2472 34
270 23
2771 73
389 51
4891 61
2643 150
5086 128
488 223
1412 157
2721 54
4326 228
2899 82
1374 90
920 217
1200 210
2642 171
3365 22
4643 67
1699 63
2480 176
182 243
2059 181
1584 45
4977 185
342 51
4943 238
2426 195
3629 221
1155 21
584 248
4216 234
3040 39
3365 166
2748 47
4536 110
3177 186
2355 235
1709 47
4287 179
2676 81
903 154
3343 16
4990 29
1218 106
3513 110
2275 111
2637 196
964 217
2305 20
4107 187
3115 15
2052 68
4462 146
1685 115
4190 121
2158 148
1246 99
452 114
4047 82
120 194
3573 231
2843 109
1399 174
3622 102
4156 168
1759 92
2161 54
943 125
1198 243
3091 254
2676 62
1768 67
3663 52
2317 140
4515 176
2058 258
3099 168
149 54
833 95
2990 30
2029 234
2259 242
4286 223
3954 227
3897 203
3049 90
1519 39
4610 208
4587 215
3500 76
4205 108
1015 139
497 118
3073 257
1657 232
807 32
3178 124
677 251
4996 243
2453 59
535 114
4695 248
2883 187
3560 132
4591 75
2080 37
3815 146
3246 244
811 185
1510 37
4982 206
3580 75
3996 30
598 107
2686 55
5076 125
728 223
2180 113
4325 238
1254 94
3388 154
4650 14
1938 33
2266 45
729 134
1368 215
2309 236
2579 73
5018 179
4125 180
3643 77
2721 242
733 189
674 68
3791 22
5098 37
4833 10
1320 128
5054 231
3860 83
3577 141
4575 115
530 140
3841 129
917 85
1875 218
2042 194
3556 47
3448 80
1360 254
4618 219
2261 99
1921 235
714 130
2534 178
1075 213
4323 43
4070 68
1925 81
3169 36
509 43
2979 98
4951 19
3011 241
3409 123
1436 64
532 102
4678 106
1788 206
4972 148
1643 34
4226 108
4576 83
3812 156
4169 71
1132 31
1751 138
5087 76
2328 133
3785 91
1796 208
4117 146
653 46
4051 78
710 87
4751 190
2532 179
894 256
2583 169
3772 215
324 220
3063 40
1738 237
4362 37
2022 94
839 183
1428 132
3634 152
4487 22
1846 225
4103 75
4223 142
3246 219
923 212
3236 117
4939 88
3845 234
4061 183
1708 243
484 243
4771 179
1402 167
1765 105
233 235
1936 97
4295 199
1526 153
1075 21
4719 232
1425 98
3063 153
4316 117
3576 170
3993 19
2039 94
1647 88
4206 139
4968 11
3907 246
175 56
3289 189
2397 93
1676 91
1510 221
777 17
1776 102
236 163
4923 153
3752 179
2488 50
2249 14
4564 94
1846 199
3297 247
595 82
737 27
4226 61
1915 192
2392 191
246 15
3134 97
3620 229
4566 194
795 47
3999 12
3942 219
997 11
4460 159
2103 56
414 227
1211 55
213 66
819 75
3379 222
653 41
518 55
1398 217
864 49
2506 202
1983 156
4334 17
2519 160
1083 129
5077 65
2279 127
2610 116
1778 12
2911 93
4529 189
2082 100
2580 17
4076 123
3064 95
4682 198
2147 56
4553 90
163 138
2145 198
4447 197
3674 219
2565 55
3441 148
4958 213
4154 33
2208 212
3085 185
3432 25
1185 129
3522 173
3513 132
3223 31
586 214
2285 170
1514 101
2170 78
1022 157
1045 205
3730 121
5055 79
283 65
1101 46
1215 28
2612 12
627 112
1048 112
3063 120
2108 65
3181 145
1888 253
4084 77
4473 172
1412 47
3691 164
1564 152
3013 188
3654 121
3840 195
1064 120
3662 205
4698 240
1813 50
1301 247
1816 255
1451 256
550 125
3081 26
720 163
2648 182
4369 241
2296 173
1417 32
2636 138
3449 258
1987 144
4262 119
4210 59
4874 94
3464 168
2003 109
523 172
242 124
1494 39
4412 21
1050 237
4833 218
3547 181
4492 259
1616 57
3345 183
3109 225
1238 54
3492 246
2183 77
2054 101
3965 45
1544 24
3323 182
2078 149
3193 250
1454 15
4728 102
200 243
3105 180
998 70
2331 14
3318 178
552 94
386 105
3580 51
1838 82
637 140
1672 194
2545 80
2356 80
3848 139
2211 196
1591 119
4405 239
4762 16
2197 128
4605 145
1268 11
2309 110
1254 69
1796 44
4850 213
1597 132
4083 72
1049 199
4614 248
2300 15
188 92
847 221
579 117
3611 147
2650 182
4753 67
379 173
754 256
968 202
2453 55
388 161
3062 170
2969 48
2367 15
905 259
3615 236
768 142
815 79
403 141
439 115
803 187
2753 116
3836 54
4272 222
2920 194
4065 56
5016 164
2892 62
3537 18
422 103
3047 162
1999 199
2850 164
2702 91
2824 141
2675 119
1122 104
3972 230
4590 234
390 234
4017 116
3033 241
2565 20
584 26
2009 132
4527 133
2625 196
799 83
3847 106
607 123
4055 16
4389 20
4087 147
4170 190
359 238
775 52
4678 167
3652 27
4129 98
2278 191
623 42
4386 127
986 43
2502 104
4689 43
1518 18
2575 227
1290 91
1195 34
4495 130
3624 29
1234 221
3843 175
3107 54
3071 83
754 96
2633 155
5093 202
4247 75
3735 13
4822 181
316 89
4126 55
728 13
4956 235
1488 26
1633 13
1715 74
3964 97
1472 186
5016 224
434 190
2309 134
2135 72
3289 106
267 95
2205 104
4770 123
1720 96
1695 126
3898 227
2078 206
1399 37
1307 225
1009 19
1713 256
2858 88
2378 81
4935 142
1386 50
3757 142
2008 173
3315 24
543 127
631 13
4823 184
2565 239
3588 93
4703 141
3239 75
4464 155
4686 73
1755 59
4288 40
1812 99
4114 48
1064 128
3006 101
3145 34
1185 85
3401 33
2383 96
1513 255
3729 210
3089 53
4882 61
2327 101
4139 168
4130 87
508 245
257 178
1975 72
387 204
1452 21
201 103
3139 200
4834 204
3289 186
2318 11
604 176
2867 195
2746 155
1115 77
1709 42
4672 187
2020 36
3601 55
2017 228
1670 199
4677 110
1508 82
738 149
2005 136
3095 186
2570 249
2705 207
113 180
2481 112
857 186
1923 174
337 191
1449 163
1192 161
1679 220
4621 133
4153 79
2605 199
1205 82
4251 258
3994 238
872 214
3916 118
669 62
3881 225
102 158
2202 259
345 250
3058 36
3393 180
3789 99
3715 220
491 175
2545 61
4654 121
3174 65
4821 144
1848 156
3511 72
142 87
878 70
912 102
2854 221
1182 77
2754 224
1583 52
1567 14
3192 112
3445 180
3900 155
4091 112
2644 117
1053 117
1132 76
1156 79
3905 192
1544 10
3864 258
2080 202
1601 206
3081 208
3156 217
3624 210
2057 156
1908 161
2754 96
409 121
3796 41
4804 30
377 231
1905 246
2097 254
3094 191
3052 241
970 70
2618 233
3227 128
1522 123
3959 31
4083 137
3914 221
3710 128
2397 189
5030 33
4832 166
2252 134
1206 28
4622 94
1881 46
1086 48
3505 162
2516 74
4017 35
1107 220
1966 171
2806 34
1638 246
4884 124
1729 79
2012 101
1534 217
440 47
4895 229
1149 223
3401 43
4090 53
1558 41
1846 209
2921 140
2353 212
2424 166
1528 17
1395 160
2910 86
2974 26
2673 73
1947 38
4639 239
4198 249
1115 94
2290 184
1705 12
4891 242
3419 185
4046 63
1715 57
509 155
3319 195
3641 170
2934 145
3590 239
2211 91
4752 141
564 234
735 86
3720 101
2323 256
2087 56
1157 21
2318 118
3141 85
1668 216
1782 123
1011 121
2972 19
3622 60
3924 149
3088 115
266 200
4947 57
1515 87
2931 78
1418 84
1907 197
900 107
886 185
2595 147
698 156
2198 150
2204 39
3126 235
2153 220
2216 159
5032 171
449 49
532 239
3935 194
2479 53
1632 24
1354 76
2555 204
3736 135
1439 101
3310 95
3101 168
4264 134
1980 131
4222 143
4595 144
5039 101
3903 181
1081 63
786 200
864 245
4163 221
4130 213
2446 237
2745 30
344 208
5022 259
1227 204
4321 32
1554 56
4041 226
5083 206
2366 63
868 251
1372 68
250 243
1348 62
4350 103
2453 255
4790 102
2054 250
1621 140
2371 124
3702 133
4271 52
3005 143
4334 242
590 163
3540 34
3226 73
2198 45
896 59
1962 106
1672 133
2058 230
1692 171
3072 239
4222 228
2907 171
3041 178
777 201
1634 61
1345 98
918 62
2352 53
4499 120
366 42
1686 232
498 169
4749 60
2195 45
3149 36
4472 11
3739 214
195 136
2153 159
266 182
1881 13
4831 75
3758 168
4857 230
4850 29
3701 106
1974 196
4519 235
1342 168
630 234
2050 13
2195 144
2406 251
3818 259
4334 244
3931 135
2327 239
3065 87
4695 221
4379 239
1083 93
1043 43
1502 228
1350 230
3353 25
3643 211
4172 141
4444 33
4097 151
4374 32
3273 201
2732 145
694 13
2837 173
2201 183
1504 69
1642 16
2247 159
404 207
3082 19
1822 238
1031 19
3184 180
1690 140
4326 135
3476 202
3050 141
2392 237
3843 144
4451 255
2640 240
4087 29
1611 165
3185 17
4204 106
1574 162
1933 194
1107 81
646 113
1671 241
249 87
3751 21
3133 26
3402 126
2778 226
1727 130
268 47
2246 241
2717 64
741 181
3817 250
3447 157
3008 68
698 197
1007 148
4386 182
661 49
3846 243
3383 165
1017 220
2641 140
2001 227
2229 237
3366 146
3325 148
2820 221
548 56
5091 196
3512 69
148 46
1609 213
2105 123
998 225
3419 127
4051 214
259 119
2718 49
1124 101
3560 160
2098 250
3443 13
3338 209
1094 45
2660 160
1049 194
3317 188
2682 209
4359 41
3338 226
3147 185
779 178
916 113
1432 154
3464 189
2188 143
356 125
4717 165
2230 224
2542 80
2073 124
2363 221
2580 59
2349 11
2948 229
1399 77
4721 185
4597 159
2538 183
1349 190
1903 56
3929 234
2323 162
435 19
444 96
2369 125
4016 103
3341 216
3826 226
1622 216
1936 48
538 211
847 146
1930 104
4446 254
4175 177
2839 143
2491 204
4446 65
526 150
4944 161
3442 241
3940 52
4008 29
1462 135
4405 144
2653 173
2755 220
249 93
4590 63
721 190
756 170
1187 24
4474 45
437 106
1559 46
3713 256
4022 87
2061 121
3532 46
3410 109
2490 86
3695 97
1688 109
2664 55
4782 179
215 46
1080 11
375 149
4365 224
1276 123
1744 102
744 225
2756 167
3363 147
219 187
1107 101
564 57
922 130
2619 42
3846 63
100 195
1543 71
4275 74
2350 100
4546 180
205 22
932 125
1050 164
3685 87
2592 163
1519 158
4506 194
1200 45
2462 146
2468 92
564 154
3529 201
3084 204
3608 21
2572 84
285 73
2735 24
613 81
659 174
1239 46
4263 140
4019 200
2076 99
4865 10
3707 88
4796 243
605 117
3445 135
2985 74
1489 48
5017 189
4745 39
1641 165
3920 97
1612 110
240 96
2654 242
3450 89
801 155
4914 136
2315 213
4805 141
2767 247
3615 32
4159 254
4468 135
2178 133
3977 183
1963 51
624 210
1969 79
899 131
1811 73
4681 137
1181 81
2595 76
3210 97
4339 88
1868 91
3196 25
4282 256
3235 49
5062 11
1923 85
1009 101
2139 116
803 194
3820 147
543 181
1722 189
2231 224
2045 210
3581 131
1880 50
3739 202
1735 95
799 36
2620 92
3193 47
416 47
3350 53
1518 173
3205 71
4993 236
2427 52
2726 127
1483 62
293 139
2883 21
2552 152
229 134
4171 69
917 239
1596 100
4608 95
4180 93
825 209
3456 149
279 81
805 86
805 116
4984 118
4983 199
2257 185
2837 43
3119 178
4199 197
832 125
1612 202
3275 196
864 138
828 221
2536 189
4286 220
4147 97
3028 236
3783 244
4928 114
2293 121
747 145
2428 35
1988 74
4530 206
2440 36
4624 205
4909 35
2030 37
866 151
4852 179
1985 224
2945 247
3828 71
4236 247
3131 102
1493 189
1463 38
2910 156
4203 194
1115 226
102 173
1458 217
2892 60
1692 31
2688 75
1409 181
1170 159
825 163
760 72
4800 129
4308 105
4174 147
2995 105
2798 128
1452 54
4864 79
321 254
3385 151
2757 249
1952 241
2582 158
3106 15
3095 184
2956 231
1770 71
2881 85
2313 178
447 116
1825 60
2877 240
2060 80
2703 91
4989 98
1444 108
4181 113
3426 163
4723 40
3110 65
660 115
520 90
196 245
649 251
140 166
3937 94
2325 90
1195 99
996 107
2574 91
1386 117
1435 134
977 201
247 175
1178 79
1852 33
3401 181
718 133
4764 120
5038 204
4925 195
1783 212
1758 105
3066 127
4868 130
3433 161
2186 74
3928 215
1102 94
5064 34
1907 109
2029 188
2497 21
1762 259
4593 70
2750 214
2945 178
4642 227
275 235
1071 62
1926 57
252 139
452 79
4257 27
1652 162
4040 123
4756 187
3603 113
769 184
2885 119
4191 64
251 240
4616 64
1687 26
923 87
5054 210
2057 203
4020 114
4638 88
2520 189
3865 57
1855 206
466 90
3804 210
2674 127
4331 117
3458 173
3774 186
4496 85
603 124
4634 237
2127 192
1793 44
1742 183
3589 157
3583 11
3118 217
1705 175
2666 70
2125 195
4315 220
2363 164
2683 61
4316 143
1283 10
2594 166
234 236
1667 197
4305 216
1435 193
1540 188
2077 245
3930 116
299 53
2876 101
326 102
3431 242
4258 171
2547 243
2642 147
2816 142
2380 175
4438 106
317 228
4403 17
2135 247
3117 182
2398 83
4960 11
2865 240
508 129
2433 32
4406 132
3308 57
4122 80
4280 174
1074 70
3193 54
1854 92
1984 106
3540 154
3893 202
3336 235
3708 161
4007 198
3145 14
2862 73
4735 151
3260 239
3822 241
3869 32
4525 141
2177 167
1784 84
4977 163
2842 219
4809 242
2776 168
2604 45
4935 52
3012 254
3395 34
133 76
790 192
2657 73
1124 149
3640 155
3438 157
1386 93
3419 174
4196 258
1330 20
2942 59
864 258
1720 153
4772 25
3056 43
4390 87
401 251
1419 204
1901 54
1554 209
678 104
845 22
3102 42
1878 115
2788 43
3154 30
4314 43
1256 91
1871 201
1677 38
4360 216
419 90
4641 186
4711 53
1936 10
2467 104
2618 131
1336 228
866 242
4459 73
1923 151
1284 83
1939 41
3064 40
4637 178
3876 241
1287 205
4286 86
1717 190
1019 170
346 183
2235 21
2483 86
4271 208
2362 208
1973 96
660 193
956 84
472 60
1418 230
1986 169
4358 224
2339 231
2311 250
3383 47
2962 55
1358 223
243 149
3688 166
3771 86
4413 240
3749 109
949 248
4672 252
1209 17
2462 41
1280 108
879 22
160 47
4330 134
4286 10
425 22
836 189
1894 183
5040 167
3725 179
2981 172
2630 168
2630 122
2200 122
2087 242
3356 106
269 26
961 107
1534 195
3694 171
1961 59
557 203
1289 52
3605 72
733 232
2787 243
3172 124
4976 205
3436 91
572 46
2683 221
2275 64
2095 54
1890 145
2385 248
2271 170
1834 142
2775 45
1863 192
2811 17
356 100
4377 228
4231 251
661 34
3988 153
4087 192
4213 104
3411 56
290 167
719 244
2779 68
444 71
2223 185
3760 62
3346 151
2961 225
3884 109
1681 23
4543 244
3076 95
2798 31
4310 46
4537 197
1971 227
3775 190
4266 202
1921 48
2110 192
4336 81
2459 86
3166 129
3518 155
1687 197
2650 210
1634 77
4127 209
1269 170
5071 159
3153 221
4177 227
1866 46
4116 257
3159 119
4683 231
2271 199
5086 12
394 238
4964 21
4523 145
4999 62
2172 11
4237 74
3697 237
2464 147
1201 52
2268 209
4266 253
1617 92
3980 248
4093 14
3018 131
118 55
739 248
3794 41
3541 86
1212 44
1963 93
2341 20
2264 120
4852 197
1462 232
4497 81
1069 179
2885 79
1010 185
4786 245
1456 190
3300 243
1551 91
2520 187
281 247
3537 60
956 151
893 253
2047 184
2862 57
3355 207
134 252
2760 40
3801 32
5020 215
4722 259
356 163
2641 174
1822 109
4670 184
1674 206
3986 208
3240 53
863 109
1010 13
4384 44
2942 87
4463 140
216 148
5011 205
917 159
377 19
378 58
3416 10
2182 52
4785 12
5041 136
4340 27
2044 199
1733 53
5010 165
4579 43
2925 142
3786 161
4703 163
1926 47
2751 124
1744 115
5074 107
3167 229
4905 83
3426 153
3094 58
1143 246
4738 27
1505 179
2795 171
869 252
2647 51
418 240
2878 94
4725 195
3714 252
2330 20
887 15
1700 128
3904 25
2164 96
3935 94
705 38
2833 256
1693 208
1001 33
2943 188
3092 153
2692 52
1789 45
3350 228
1135 218
4159 83
2150 208
1087 67
4731 108
3591 81
1057 208
4102 14
1980 144
2328 243
4156 227
2758 183
1882 198
4955 29
3874 222
2511 168
1486 234
2769 31
1085 87
665 226
4582 226
1312 104
3343 216
2177 229
1970 233
1958 15
4681 203
4532 137
3283 97
2570 106
1963 173
1682 228
380 47
2215 223
2807 22
2039 98
2291 181
4948 163
5069 31
536 178
1736 99
2645 132
2883 130
4754 13
3200 169
1916 219
4274 49
104 59
2569 189
5068 145
321 110
4076 245
3333 185
134 12
899 162
4552 49
4352 104
4966 82
1964 153
2173 95
4178 144
388 63
4418 95
1781 259
1946 227
2413 162
4523 168
2913 44
4825 111
3524 157
888 217
4364 220
2031 145
3016 234
3014 139
2808 230
404 162
1395 82
1395 155
485 113
1547 13
3851 17
4197 236
1949 189
524 243
2786 109
484 151
4876 10
1128 156
4403 82
5014 175
4942 83
2706 25
4363 228
4598 172
4754 100
3544 185
2500 85
1022 77
1850 190
826 22
1602 133
521 18
758 181
2137 103
253 253
4836 75
4124 134
3549 193
4733 204
3809 184
2890 139
4255 165
4992 117
4563 177
547 123
2769 53
4673 246
2229 217
1446 185
4694 239
206 249
2242 122
3168 181
2044 36
3963 219
4199 77
2960 90
4134 162
1476 243
2279 243
3238 133
5033 99
2712 222
2225 247
1140 167
2576 102
2418 203
4887 73
2153 88
3938 86
4525 233
1334 88
2800 256
2778 167
615 224
4519 207
2386 178
2936 84
2449 87
2517 204
3806 211
3698 15
3560 129
3313 159
3426 35
1622 34
4907 214
1165 48
5008 131
3925 209
4590 199
4522 223
2718 34
3439 90
1632 121
505 32
3178 96
120 85
3821 164
955 81
1597 19
4125 231
4612 130
5039 137
1950 150
452 102
4094 184
3417 166
1229 43
141 113
4022 109
3979 21
2754 38
3038 207
1904 81
4139 15
3544 101
2118 188
4161 206
4690 132
756 188
4377 193
3340 76
224 135
2178 114
3285 56
4395 87
1120 61
796 198
2792 58
5026 26
2080 108
3409 163
2913 77
5088 168
2244 158
3323 65
1861 116
5054 151
1856 202
2092 223
4750 232
3544 99
498 138
334 176
3860 103
3922 27
1884 230
2600 149
461 230
4944 249
218 190
1312 38
3201 40
477 63
3113 161
4760 160
3061 118
3279 190
1075 87
4163 15
4864 90
2843 240
3548 225
4790 72
356 139
2295 183
1518 46
1151 60
2839 168
4367 95
1687 28
1239 33
3379 96
1423 160
2205 89
4842 199
3563 52
4553 201
4960 158
920 10
4830 206
1723 210
4443 146
4035 21
4356 240
4998 158
3163 44
4852 17
2509 212
1816 63
3629 173
4700 154
1860 60
333 73
1898 68
4194 108
2758 243
3826 73
2681 255
920 255
473 30
4158 45
1012 171
1185 103
3895 171
4313 205
481 218
826 245
794 216
4981 150
3031 215
5082 78
4654 222
216 19
310 236
2532 38
3053 96
2153 175
1599 92
3093 97
2621 87
4786 150
3286 197
5078 31
550 162
1809 103
4918 83
1321 197
2673 26
3523 48
1801 52
4362 85
3097 34
2802 97
4180 216
695 123
413 235
120 211
2959 183
4080 11
451 70
2644 233
2009 128
2912 60
610 198
2391 167
2014 10
1664 54
750 223
3441 238
898 173
1375 121
637 52
3218 209
806 97
4219 127
3959 151
2831 219
1645 30
2124 78
3904 191
1481 133
1199 16
4460 44
296 78
4922 155
1791 65
4783 97
3300 131
2998 216
3521 206
1650 10
3679 150
1229 121
4058 189
3489 226
4629 117
1466 209
4998 76
2537 96
159 48
1611 33
4786 218
2835 124
5049 230
4394 61
3193 125
2292 234
1358 96
212 126
2369 231
3806 50
1505 249
4040 161
4444 41
448 192
2905 119
1392 188
698 180
4713 92
4172 13
3354 72
2299 68
1832 65
2879 55
671 49
2591 251
2138 158
4889 22
1909 11
958 111
2510 255
239 62
663 62
3237 221
1865 205
597 56
1843 87
3706 96
720 208
3269 127
2013 87
3627 70
4817 226
1780 28
3795 33
1354 81
2809 149
3009 180
4337 228
4000 86
3002 235
895 96
2841 193
673 116
4172 63
1696 198
2158 64
2271 229
438 249
817 22
4436 254
2836 98
192 181
1201 66
844 136
2477 240
4103 22
3274 29
345 233
1851 136
2172 217
1466 188
2544 182
3208 245
4862 33
2282 166
4587 208
2999 154
3276 99
3942 94
2129 117
1047 121
3412 219
2585 161
4367 54
1277 258
4467 203
5028 52
3125 23
4011 103
1215 206
3094 35
1017 179
4828 88
441 90
4503 176
3654 130
4982 141
1439 48
320 208
932 257
3384 184
570 241
3970 33
2369 50
148 14
4891 208
1815 113
1510 209
1699 89
4834 36
291 257
4394 12
2441 185
959 46
4609 48
2085 195
2992 213
4761 246
4023 156
2260 100
4974 162
3547 49
3647 44
4868 91
2378 191
4366 259
2856 69
1842 231
4478 108
2013 68
226 217
883 228
313 242
1085 72
5055 231
3298 144
4737 201
2107 52
433 133
906 123
1023 28
1715 21
2889 128
2005 132
5033 240
1907 33
3584 162
1401 217
949 15
3352 16
1077 107
4499 28
3574 10
2760 109
656 94
458 106
2181 80
4325 27
221 236
4407 189
939 134
215 179
2735 241
3729 29
894 124
137 66
242 163
3393 230
3513 189
4962 178
4440 52
369 97
790 177
4403 173
3822 228
2087 256
1921 63
3772 59
2374 220
3971 34
1531 259
4784 150
4840 68
1028 104
4472 62
432 32
3550 41
3504 155
2180 243
3925 46
1806 228
1599 66
592 25
1683 42
3836 27
4249 105
4635 207
398 140
1304 22
1966 135
4263 176
3158 11
1390 258
3740 93
2070 52
4631 176
1425 142
3013 230
2458 240
317 65
5096 249
2699 121
2370 104
4853 97
207 13
4284 186
3583 48
4390 23
3006 56
974 228
1570 226
3027 32
4072 161
4915 238
913 150
3309 129
771 135
3474 214
2292 181
788 25
1263 64
4577 250
1025 171
2647 40
5085 202
1114 132
2181 234
383 25
282 14
4407 208
2243 171
1558 54
2117 93
1742 19
2347 19
607 118
3327 230
2953 198
3070 257
3711 101
953 121
1086 131
795 143
2738 10
4730 212
2106 140
626 191
3231 225
2032 190
3685 176
871 46
1479 13
4393 105
3039 28
4089 245
632 64
580 148
3831 52
4694 115
892 30
1229 54
2144 160
3128 70
3759 93
5053 154
1504 78
1593 38
339 37
1597 67
1973 121
1345 44
3723 100
571 30
3307 230
1550 165
416 71
2738 122
2170 24
4708 141
839 176
2359 125
3412 123
3631 118
3890 210
1215 28
412 235
4991 35
564 197
4178 172
4486 250
4427 150
1642 61
1351 34
3347 116
3213 210
4434 59
1769 150
3640 212
1492 256
3597 241
3664 186
2529 255
3072 73
1002 162
1289 141
3356 205
1779 29
4670 117
3307 192
356 200
4383 57
1773 143
2744 189
2434 251
5077 22
693 33
3502 25
1010 197
1520 236
2146 115
3433 162
1921 187
2450 106
4365 51
3982 36
1391 169
1848 181
2349 146
1383 110
1056 148
4675 81
1176 179
4426 62
2058 206
4163 73
3375 245
3783 122
3201 47
676 34
358 112
2896 38
3163 45
2128 58
2922 99
428 192
1782 66
967 198
810 213
4276 102
392 56
2715 108
1330 56
2150 69
1229 137
1083 63
2045 246
3708 207
899 227
4635 132
2518 105
4260 124
2907 173
5023 234
123 112
5031 232
4246 148
1782 85
4920 118
4985 208
1058 62
3686 41
3589 84
4217 87
3341 245
1669 75
2426 79
3902 256
3737 140
3306 148
4410 42
2810 77
371 14
3862 223
318 69
381 156
3752 184
3894 163
3916 204
1363 257
2746 257
3423 26
1205 253
2017 98
4598 141
2669 247
3732 113
2875 45
4031 64
4342 212
964 113
3071 191
1395 116
2503 223
1720 122
1228 80
4888 50
2980 102
4675 179
2907 68
1829 104
353 186
2915 126
4626 80
4008 87
1501 216
2562 19
4430 249
2084 227
702 112
461 47
4033 205
4055 40
1313 138
926 220
2519 247
2785 213
3994 217
1551 71
1606 162
2598 251
1506 121
3084 123
2471 179
4932 138
5071 67
3362 128
4140 68
3053 22
2287 195
309 59
3436 125
838 154
1614 189
3996 131
1497 55
615 102
3418 34
2765 80
1851 238
5067 227
2578 175
3413 207
5052 137
3201 170
2656 56
444 195
4883 102
373 118
1630 50
4374 182
1122 59
2385 68
4187 38
4107 107
3864 93
3634 121
585 121
3371 67
4412 166
4335 36
2066 224
1216 193
2728 237
1794 47
2846 95
1573 40
1445 258
752 201
3654 186
1877 241
1448 72
2794 206
1841 184
757 181
4005 197
4807 53
3053 179
4775 183
4476 252
1517 142
4459 217
4248 210
2571 22
2077 186
4549 255
3110 83
4178 163
721 119
4489 246
2857 216
4755 53
1484 30
1043 120
537 115
4275 27
1977 104
1055 157
817 143
3743 256
1233 85
2494 244
2103 52
3274 15
1607 252
2060 31
1724 27
1728 95
4748 157
4354 220
183 251
2913 103
1622 139
2613 252
4468 228
3348 150
1611 90
1003 125
421 133
1593 185
659 249
3477 115
4177 164
4129 218
3498 253
4193 126
2661 172
2818 180
4918 206
4499 188
3150 47
3913 179
117 21
1478 93
1893 126
3633 143
4100 11
3053 170
1799 116
305 102
147 14
4659 206
4184 25
3060 121
2345 21
2473 249
4581 122
2103 105
2174 77
3214 64
2616 151
535 16
4167 190
494 215
940 64
2743 214
626 16
2741 50
3229 24
4349 195
398 50
2685 66
1242 169
3727 222
1718 85
3394 180
950 140
5079 94
4115 194
892 119
2715 130
3071 53
4380 216
3319 222
540 198
4034 84
1589 15
1672 118
382 92
3733 112
1202 255
2094 51
2523 94
1686 76
3213 185
4733 95
3005 130
2057 155
4368 196
4164 259
4128 144
1108 131
4445 142
1368 230
4015 239
1209 140
1595 170
2280 14
227 80
1416 70
1745 76
2894 207
2455 67
4611 92
2068 170
936 169
4268 24
1202 86
3510 160
4092 77
3918 148
4385 208
2382 46
4807 125
4219 231
1972 96
1013 37
1640 115
1479 139
4782 219
2472 230
2186 185
3500 67
1587 111
4342 52
2556 181
1638 50
630 251
1561 226
3423 167
1924 247
2697 84
3333 240
2630 78
254 234
761 179
4088 95
4358 11
1632 68
1178 28
3514 57
4863 161
3484 116
1456 241
650 184
4765 141
3031 144
4574 122
2037 114
2909 200
3722 181
4878 147
3938 116
1784 73
734 140
528 70
3617 164
4506 234
533 208
2513 185
4678 21
3362 24
4495 255
226 212
1472 87
4918 185
1593 252
3605 85
2562 21
1688 22
146 210
1830 129
3256 120
369 214
3626 131
3593 124
2193 216
1632 14
536 228
3919 11
2001 95
1484 84
3341 158
2554 240
4014 167
4183 229
1470 22
3921 257
2051 172
1725 15
3371 130
3630 136
256 131
4885 32
2641 29
1557 91
5003 75
828 46
3207 54
1477 144
865 42
2275 39
3575 139
2274 167
641 75
3240 145
140 142
696 82
4447 252
1321 222
4562 189
686 182
2873 222
1559 67
196 35
4270 113
4200 259
1859 21
2596 187
4007 232
675 84
4969 213
4073 45
2004 109
3858 197
2030 201
2315 56
493 174
4021 229
2679 241
3079 137
3964 252
3621 64
1720 214
1934 111
2876 234
4824 211
2359 174
5072 161
3910 150
1099 212
994 57
4185 46
1804 118
2872 49
3579 10
394 88
2736 195
2244 78
3536 131
2254 170
4278 117
1769 220
1246 81
2809 248
1908 172
2294 171
5085 102
719 139
2088 223
4868 135
4041 163
443 58
1900 117
1703 55
1874 258
1487 191
251 234
1210 129
2857 84
1718 11
633 178
2085 80
4066 120
4732 132
452 112
1465 194
4238 86
1294 158
1913 225
2146 124
4192 53
4832 67
4475 98
3863 212
3811 182
1001 93
3863 206
3627 71
589 119
1305 138
2645 65
136 189
4733 15
781 189
2370 12
2237 46
837 196
4750 258
2267 133
1456 244
1117 221
4624 80
4514 79
3592 154
198 79
2782 90
1058 23
4369 86
1480 32
1504 146
2009 255
4155 210
5051 93
970 39
589 172
1737 255
2173 143
1319 248
4643 155
2168 222
1329 201
3774 231
4720 88
3669 104
824 67
827 213
3709 19
3595 132
2961 117
486 252
3040 210
3466 31
4770 242
4585 66
448 76
3057 43
305 161
1160 127
4301 20
3554 217
4500 146
882 17
4486 151
4769 209
3588 120
2557 57
4861 150
1421 108
2088 154
2684 194
2269 23
3478 16
1343 106
4080 155
2114 242
559 152
4633 146
3565 126
501 35
402 217
3844 171
3710 179
2935 57
1395 29
2698 117
3647 231
4584 207
4165 168
1549 157
3944 13
2111 86
2235 141
3741 39
538 48
2053 90
1737 60
3530 65
2735 158
783 155
196 90
562 216
268 222
1014 129
4369 155
919 157
4425 211
4883 42
2149 169
4731 146
3228 235
3583 19
3532 21
339 70
687 103
3569 79
649 90
5033 131
107 149
4320 71
1854 13
2343 171
1462 79
2664 14
4881 225
900 135
2829 79
3671 62
4059 12
4853 173
891 188
3096 122
1593 83
853 143
491 188
1402 103
2903 155
1597 238
3260 12
4329 63
1031 52
936 21
300 163
5038 242
109 74
545 89
3933 153
2808 240
2883 128
3156 128
3511 205
3302 79
2310 125
2350 118
290 220
391 162
2211 149
3919 169
1364 12
4548 120
1984 127
3781 250
2666 57
2791 48
391 34
2467 61
1024 10
203 139
3390 94
1162 46
287 232
3007 193
1049 14
4317 39
1513 92
3202 38
3506 220
3814 65
2210 22
4769 72
1002 118
4700 16
4653 100
1428 206
2970 113
2484 227
3255 142
970 200
1191 154
1992 191
1001 61
1145 128
2011 31
2790 165
4949 238
2108 245
2620 199
1161 162
787 168
441 242
1393 112
3655 90
1460 111
4719 134
2296 77
2195 30
4851 18
2660 53
3349 115
745 150
534 211
4817 164
4162 100
3546 16
581 94
4845 239
2519 149
4907 38
4435 116
1330 110
5039 46
566 61
2849 253
1172 14
1888 160
606 98
881 15
4541 85
561 148
3942 194
4953 204
1387 230
3723 162
4362 193
3980 199
4521 149
1113 76
3138 136
4548 249
4247 245
511 228
3190 56
170 38
4569 172
2767 174
4826 160
4589 12
952 28
895 217
3033 154
4157 221
4649 186
3224 190
1333 204
4266 179
3589 18
615 14
2205 45
4850 237
4829 252
2745 14
4067 224
4941 225
3566 234
3442 259
4823 239
1298 109
3715 64
5094 161
1965 62
1087 157
5047 136
2116 89
4249 58
3632 132
1891 61
3474 256
4923 45
1225 240
3395 233
4284 113
1525 241
3998 104
356 37
1462 17
2238 104
3861 239
3606 192
3441 155
3811 61
2496 62
3964 246
3951 242
1043 128
3423 148
3748 197
4860 232
2824 175
3118 16
4855 17
3082 41
4746 74
1202 174
3396 60
1537 42
3272 243
4685 182
899 112
4187 70
1467 78
1283 227
2072 80
123 197
1295 29
1785 220
4130 80
1723 18
2475 62
1491 150
2683 152
1865 208
2901 15
709 213
4187 126
210 90
626 95
4319 202
4956 125
3541 220
2404 11
391 158
1745 210
169 240
3801 254
2875 47
3878 163
3400 243
861 12
3344 194
1959 164
4061 156
3341 229
1810 235
3130 106
2098 140
4508 56
1595 89
2900 50
2222 248
2489 187
3265 187
3530 75
3635 111
3201 89
2629 226
3989 15
3801 127
4824 127
2801 181
1464 85
1294 176
3852 69
320 86
4438 155
2699 93
2698 243
340 84
2329 154
3578 160
3865 77
872 232
1688 123
3503 116
677 32
1102 87
3967 159
145 176
4575 177
3756 42
4843 239
2429 74
3974 153
1542 191
106 201
2751 113
4685 27
2645 198
3111 98
3256 237
1893 37
289 190
3793 209
1182 117
3705 233
1357 164
4239 178
3263 249
1257 246
4081 155
833 53
4195 75
385 213
4786 176
2952 205
4167 112
4855 82
3704 170
3231 152
452 103
1160 58
4844 225
4390 257
3062 175
4875 197
4930 63
2622 82
4462 27
3580 134
1398 38
2545 123
3355 114
1339 203
4454 147
3715 189
2516 119
4751 200
3204 66
3701 169
705 168
548 30
831 195
2726 195
3625 80
4773 259
3849 218
4867 189
3958 122
3510 37
412 183
818 58
454 28
176 176
2687 93
2218 21
1087 44
4385 117
3288 19
2538 84
267 226
2360 31
775 219
4533 151
127 16
3921 64
4217 31
4254 31
858 73
1028 229
1812 30
1628 78
117 124
2889 176
3573 198
2592 226
1492 83
2628 114
3076 110
2799 167
2032 184
521 117
3273 137
2877 166
3839 124
3787 73
1362 167
257 15
4722 233
2949 24
2723 85
2564 133
2915 149
4752 147
3918 26
2564 54
854 13
1645 122
4750 136
4681 54
3020 182
2825 144
4385 108
3073 168
2843 202
1850 76
1541 224
1267 104
3670 51
801 241
3732 168
3365 42
3793 149
1021 105
582 106
1804 73
542 125
405 101
1196 27
1685 32
3436 112
2262 92
595 101
1659 221
1405 45
731 228
216 56
1380 18
4065 238
2766 190
2472 67
520 137
2061 212
1680 77
4374 162
4340 15
1474 50
2250 184
218 143
835 101
2283 16
2393 165
3331 22
4430 32
898 182
1391 98
1885 228
1247 193
1750 78
4693 177
3766 68
930 181
2946 108
268 57
511 218
5033 149
986 227
1523 80
308 219
1974 41
4540 135
1794 146
5055 241
3542 224
2296 240
380 227
1482 117
2984 258
4855 130
159 17
1338 138
4631 51
706 71
1754 223
639 113
111 164
1252 258
4264 252
2978 200
1104 249
4900 91
2565 29
1899 247
3672 131
220 215
1160 217
2330 153
4148 32
3156 69
4604 70
1084 238
1584 181
3311 212
4483 178
1419 139
1771 71
4284 156
2964 103
1660 213
2807 98
3077 214
2896 157
2883 206
2241 100
3562 122
4484 67
669 194
775 32
4009 166
3522 38
907 35
2522 28
3679 87
1183 197
4672 84
1839 114
3476 235
384 184
2160 181
1711 48
666 258
3698 132
684 147
3704 64
2656 40
2842 39
1736 54
4478 245
4837 164
4720 27
2111 248
3863 47
2483 138
4030 244
4088 154
4499 206
1725 137
2436 158
4687 81
3036 38
4576 259
4296 239
3968 55
2899 130
3022 48
3961 35
2414 159
3610 175
2181 37
4633 130
2361 142
1685 187
2514 45
3781 259
3498 45
3074 123
1108 250
126 43
2427 90
2186 128
2017 29
2186 133
1287 87
2456 183
667 50
3381 234
436 104
3490 141
2320 148
3708 21
206 154
4762 149
4607 198
2967 202
1706 149
881 217
4117 23
562 208
1700 118
3414 170
2053 50
1853 43
1539 189
4277 252
3948 241
1080 256
165 90
685 107
3444 39
843 66
1162 165
1667 162
135 79
3150 118
3889 154
1140 143
1470 162
2018 144
3660 238
2549 239
3719 247
2652 245
992 102
5069 145
2007 212
2169 82
4918 14
1367 12
4400 120
1899 195
358 166
1929 20
5061 15
1237 221
4555 35
949 107
1469 221
3069 244
2574 255
3779 76
697 162
750 47
1862 11
945 103
4754 204
1650 243
872 189
3718 129
4986 245
2260 54
1744 53
1261 145
549 92
4868 230
2060 181
4323 118
933 88
782 102
649 163
504 53
2557 11
134 37
2465 74
1084 207
4421 238
3230 24
2515 209
4410 179
2825 172
3475 153
3866 76
847 152
147 192
1853 238
4699 168
4290 19
2683 106
2974 78
4435 241
245 153
2557 136
2677 107
3920 108
462 69
3681 150
2207 187
4673 205
4140 220
1788 179
3939 44
2196 168
689 189
3524 180
3681 87
3348 173
4058 26
4602 85
4526 127
2779 49
3621 210
2015 95
2272 227
3430 149
1630 21
322 259
2409 204
1092 244
2227 41
1986 53
3660 259
3032 173
2023 42
1777 233
3088 256
673 22
2235 32
241 203
2769 143
1347 55
2386 168
1229 147
3022 253
4104 167
570 83
3490 174
2204 11
4584 108
280 83
1321 235
3069 15
3954 208
3791 251
4288 51
687 24
1905 135
2119 182
1005 60
1926 71
3714 154
1527 111
1973 120
1497 232
1365 161
1607 185
1487 247
4562 20
3736 230
4917 117
3602 94
905 184
847 170
3178 243
2161 219
661 138
2169 109
5045 207
4889 101
1614 36
4001 85
427 48
1546 180
3054 237
900 151
1380 167
1143 166
1195 160
1182 256
4555 193
3225 101
1159 29
1484 130
213 236
3206 200
522 257
385 194
2801 31
1782 200
4419 229
1092 226
3091 221
3389 229
2216 212
3186 55
1881 34
3739 184
740 168
3438 255
260 100
1409 133
4076 204
676 123
1430 154
3495 226
4925 155
4724 154
4098 136
330 126
2521 69
4400 46
2430 178
4262 203
2116 78
4574 214
2557 234
2497 244
1024 156
2296 71
657 95
4002 180
1228 24
1974 71
2593 52
475 77
3552 188
4630 25
113 197
1368 144
3389 128
1205 179
3613 110
2986 255
3002 118
4935 54
1466 194
1636 238
377 191
2785 57
906 147
846 181
4641 244
948 104
485 73
2647 248
3053 34
4405 12
4081 235
2906 18
4540 64
548 155
1480 202
742 83
4808 110
1866 133
508 132
1984 168
3013 138
2693 210
739 198
1703 11
4992 112
5017 18
3752 150
806 13
3056 194
3356 23
4964 28
1686 147
2353 82
3692 12
2012 254
2942 144
3782 241
1467 89
4710 124
3159 182
3478 23
3648 191
1559 182
3747 99
3859 178
4845 123
2823 241
845 120
1229 255
2502 97
171 45
1291 96
4951 149
1140 50
2875 65
2651 13
3179 28
670 220
574 193
2306 16
150 160
3767 236
2603 73
613 194
5048 126
2302 234
3878 72
3116 139
2417 179
2846 223
2349 143
1830 12
4148 234
1223 232
3012 81
579 129
3019 256
1138 212
3491 163
4402 65
2810 39
1864 209
1167 186
3020 17
4966 122
4985 50
1888 141
3365 188
1832 97
209 47
227 27
1173 186
1448 56
243 213
1312 62
1635 184
3907 185
4725 250
4213 27
4118 104
4274 240
3224 42
1890 252
940 58
2068 169
2301 176
2714 250
215 60
2308 121
1630 222
3536 231
2756 254
3120 104
4187 26
4330 15
3044 150
4908 19
494 25
4393 79
4252 138
1083 101
1932 73
108 251
2343 257
362 237
3113 36
4270 41
4221 233
624 182
3318 149
1976 109
4946 37
4327 168
1991 142
3076 136
4018 202
496 142
3303 130
1186 70
716 158
3264 159
4773 18
4263 22
3501 84
1979 155
4953 170
1747 53
3487 25
2878 116
180 104
3258 97
1967 26
2315 137
382 184
3864 28
2003 25
1556 117
3954 98
905 115
4086 21
3142 103
1691 84
2379 122
849 253
3802 18
4788 185
1899 44
845 140
3939 30
1901 11
201 233
1393 249
3675 64
268 23
3225 172
479 16
456 208
896 75
1751 132
2725 237
3227 250
2809 228
2598 222
4414 79
3158 111
1357 80
1394 80
2589 100
943 176
592 106
1895 205
3200 41
657 247
4700 19
1880 181
3326 124
175 160
3503 142
598 35
2451 130
3153 21
2014 50
2782 246
2809 226
2578 98
4068 227
4226 135
3783 74
871 95
4999 235
3927 151
379 190
1555 71
3395 151
2779 47
750 85
2495 246
1902 22
3844 195
2787 154
686 203
2105 81
4170 43
4780 96
3613 225
3456 231
3191 212
127 89
2171 25
1276 47
2665 233
1117 240
146 119
3815 38
3200 176
1774 40
264 82
3376 180
2320 172
4756 92
1792 207
1497 209
4111 67
2326 105
4713 41
3202 189
419 226
1379 146
458 73
314 83
3611 223
2535 170
4198 52
3820 103
909 174
3294 53
3704 210
315 60
270 205
250 148
4766 108
2497 250
2843 72
373 105
3174 136
3724 82
1979 155
1351 207
3268 151
1642 244
3810 110
990 220
3039 249
871 119
4388 152
688 10
801 187
4746 220
3382 225
2957 176
3428 188
1137 151
4344 75
3018 195
1142 140
2314 66
1539 204
4459 92
3874 189
3887 159
3328 214
3944 112
4185 214
2805 158
2120 50
4999 169
1745 201
4411 99
890 124
850 55
4380 252
3571 96
1251 88
1329 169
681 239
4856 147
3092 239
3840 251
4171 95
1791 187
785 73
3388 150
4038 248
168 175
940 226
1674 89
2431 194
414 179
1741 54
244 205
3319 209
4031 240
3825 104
2709 106
2904 212
4090 246
2740 229
1026 189
1614 251
4798 69
2957 91
834 225
2637 144
112 224
3445 55
864 210
2038 256
1434 39
4809 224
1405 233
422 167
4352 92
2994 112
1829 109
1168 226
4453 165
4546 213
2189 22
229 254
2198 209
3441 205
3866 196
2481 133
1853 83
4470 50
4294 68
4649 34
4493 47
3193 229
733 236
4789 38
5055 35
2452 122
3113 168
3328 149
3470 177
447 27
940 180
679 193
4840 104
373 67
4258 175
1405 113
3693 252
1626 246
3685 152
4952 152
2288 195
2560 134
4498 229
2948 175
2992 239
4820 203
4793 182
3056 134
4714 25
4224 45
2697 247
4395 174
3401 160
3221 238
2651 192
4526 128
1604 102
4897 99
750 151
2991 152
2095 70
3560 78
4148 227
1424 254
557 212
1870 39
4523 107
220 210
2329 44
4547 192
611 194
1770 123
3219 153
3629 153
4790 258
251 122
4374 163
305 154
3742 93
2987 197
1220 220
3297 139
3167 206
3368 188
1456 244
3814 253
1560 252
333 146
2115 188
2065 215
3055 252
4413 99
691 77
338 96
4331 62
341 207
318 47
2634 223
574 124
1219 46
4025 162
872 227
511 212
4255 48
3041 238
2651 242
500 215
3052 73
4171 188
577 228
2683 171
1470 122
1231 132
3148 199
2204 69
4044 195
546 21
2213 83
3491 174
2966 31
510 23
1978 225
591 110
1633 251
208 187
4584 34
1582 208
4750 131
2107 105
2250 15
2035 130
5002 19
3795 107
969 195
2542 244
1288 145
3801 209
773 190
315 25
3513 69
1460 83
2562 158
4831 219
3948 20
856 38
1488 152
2557 24
147 126
3812 26
1911 102
723 28
4433 36
1958 150
3908 197
169 179
4939 180
2850 200
1353 154
2245 251
3220 170
156 194
1554 125
4779 95
3420 94
2904 197
1453 249
2109 141
3002 199
3793 143
393 95
4171 169
5048 213
1568 179
4440 238
4655 106
2116 63
2451 28
2277 237
3224 70
1654 225
643 108
2648 245
1788 197
2989 225
2882 175
3379 13
4850 223
869 19
2069 229
1948 33
3911 89
572 27
4950 185
2629 74
931 50
4572 45
3866 60
191 106
866 67
777 54
2566 175
157 119
3255 196
2320 172
1073 122
640 74
2873 10
3918 238
4626 253
724 257
4455 19
4789 49
1678 175
415 10
1465 125
3142 224
952 14
2162 114
3946 72
2211 216
2566 200
3923 58
423 182
2873 221
3221 11
3813 194
3865 88
2810 209
447 137
1298 45
1720 248
2247 119
913 253
4964 237
5003 215
1242 172
2800 118
1841 88
1453 173
3548 95
2240 179
3289 77
2748 247
2030 217
3808 200
2454 207
784 70
648 222
5088 147
3280 258
3019 115
3004 31
294 100
1081 181
1875 54
2444 80
2954 169
4688 134
3205 115
3735 238
2661 182
141 156
3825 224
1292 114
881 141
962 235
3103 146
3977 256
829 186
4971 11
3612 150
1451 243
1400 83
2683 125
853 191
2101 160
172 218
2256 209
2026 102
2515 222
462 119
1005 11
3879 56
3534 35
2454 231
3477 164
4608 40
2853 248
3381 215
1090 100
4825 100
4196 93
1772 11
3337 95
2587 96
3045 72
766 161
546 213
2490 224
3938 27
485 158
3208 137
3819 57
4322 107
4465 53
2865 141
2769 100
4978 121
159 77
4562 202
3722 104
2000 37
3495 34
861 255
4589 158
341 113
2500 205
2413 85
1216 39
3921 179
4986 22
105 115
849 74
2295 50
295 252
3751 78
4661 27
3888 88
114 200
2365 83
4350 246
788 149
3346 178
0 0
