1000
156816
921600
547600
529984
363609
106276
863041
245025
519841
58564
632025
8649
10201
801025
383161
77284
341056
984064
204304
46225
11025
245025
356409
43681
992016
341056
568516
717409
534361
240100
946729
229441
641601
508369
42436
162409
152100
17956
62500
12100
528529
156816
40804
32400
413449
29584
654481
51076
26569
67600
627264
383161
570025
150544
685584
10404
104329
337561
898704
164836
178084
846400
781456
49284
968256
7921
954529
525625
330625
334084
34596
90601
105625
547600
692224
935089
829921
409600
297025
181476
63504
112896
156816
36
5776
49729
11449
158404
24336
164836
644809
332929
105625
470596
22801
436921
16129
229441
148225
491401
3136
326041
124609
535824
438244
34225
488601
327184
30976
354025
121801
182329
864900
9409
186624
127449
101761
792100
11449
682276
418609
826281
570025
104976
896809
819025
968256
180625
146689
518400
227529
624100
412164
687241
271441
91809
133225
326041
51529
292681
27225
859329
935089
199809
529
564001
644809
481636
984064
68121
269361
408321
28900
390625
925444
219024
279841
88209
795664
69169
256
135424
163216
100
300304
76729
97344
833569
717409
792100
648025
132496
667489
594441
656100
36481
271441
929296
781456
263169
50625
570025
253009
556516
143641
665856
319225
67600
12544
652864
272484
229441
277729
77284
238144
5476
306916
23104
114244
565504
154449
20164
13225
314721
70225
76176
565504
616225
350464
974169
421201
28224
549081
253009
833569
14400
101124
687241
534361
609961
404496
364816
374544
26244
776161
9801
344569
617796
362404
76729
289444
120409
174724
425104
822649
1156
78400
100
670761
758641
994009
670761
1444
543169
103684
91204
43264
982081
16900
879844
595984
13689
293764
540225
396900
178084
693889
322624
313600
619369
712336
9409
235225
376996
10000
152881
418609
143641
160801
667489
62001
157609
976144
407044
235225
436921
881721
480249
423801
176400
396900
599076
788544
273529
258064
755161
88209
480249
190969
732736
690561
399424
906304
99225
60025
2601
3249
59536
184900
654481
169744
900
310249
159201
446224
1764
3481
917764
538756
3844
532900
511225
34969
380689
348100
483025
702244
784996
546121
75076
8649
848241
819025
156816
344569
252004
198916
413449
555025
51529
204304
24336
370881
129600
822649
394384
160801
931225
342225
236196
676
443556
305809
45369
403225
20164
67081
222784
143641
121801
555025
221841
72361
1
749956
731025
252004
439569
720801
60516
58564
425104
568516
722500
144
435600
227529
169744
952576
170569
806404
125316
6241
643204
842724
508369
889249
30976
33856
452929
767376
78400
245025
20736
78400
506944
996004
611524
139876
715716
143641
935089
248004
234256
665856
741321
245025
414736
73984
221841
3249
271441
30976
237169
103684
8649
303601
379456
384400
7396
82944
245025
133225
611524
407044
992016
714025
974169
603729
47961
33856
258064
288369
1089
117649
497025
797449
702244
121104
267289
435600
571536
1369
697225
352836
505521
77841
20736
106276
806404
52441
933156
553536
351649
9801
145161
885481
891136
516961
514089
264196
64516
331776
2500
82369
844561
11236
281961
11664
206116
2209
14161
314721
190096
908209
257049
21316
339889
422500
677329
230400
772641
19600
49729
677329
57121
912025
582169
285156
625
692224
2209
77284
576081
200704
839056
841
306916
638401
18496
128881
714025
64516
73441
399424
311364
603729
16641
242064
182329
906304
942841
431649
8281
297025
690561
463761
724201
894916
45796
765625
16641
67600
255025
786769
3600
595984
839056
375769
324900
162409
104329
588289
81
351649
158404
842724
521284
772641
168100
21904
688900
535824
24336
73984
76729
114244
908209
229441
80089
268324
498436
582169
16900
315844
422500
35721
110889
840889
23409
815409
101761
225625
441
461041
175561
174724
356409
19600
87616
36
408321
227529
543169
21316
10201
133225
234256
164025
712336
13924
850084
811801
776161
2601
213444
777924
349281
630436
636804
552049
2304
219024
323761
4624
21609
115600
702244
552049
690561
235225
10000
675684
98596
698896
935089
171396
40401
643204
669124
156816
73984
8281
419904
254016
244036
11881
148225
7056
64516
285156
32041
427716
1
558009
5329
249001
7396
828100
351649
72361
156025
478864
8100
3600
278784
166464
223729
6400
315844
412164
683929
693889
7056
224676
473344
332929
872356
5184
436921
34969
366025
703921
36864
915849
877969
70225
207936
140625
30276
2304
413449
846400
547600
535824
958441
383161
241081
644809
2500
2704
633616
767376
55696
774400
121801
851929
207936
79524
988036
13456
672400
902500
93636
144
67081
59049
394384
509796
938961
641601
12769
373321
5329
41616
481636
162409
30276
33856
311364
49729
345744
124609
9604
677329
53824
636804
9604
473344
185761
196249
24025
63001
154449
660969
376996
423801
165649
351649
512656
140625
154449
32400
970225
667489
541696
900
327184
826281
319225
16641
17424
23104
231361
337561
106929
508369
143641
179776
565504
654481
749956
820836
168921
372100
515524
141376
374544
15376
937024
461041
722500
508369
44521
695556
776161
894916
46225
204304
42436
608400
336400
113569
80089
170569
72900
923521
15625
1000000
147456
767376
652864
362404
17689
326041
316969
41209
88804
30625
106276
70756
42025
30976
108900
172225
130321
44100
129600
861184
438244
320356
499849
351649
64516
116281
25
765625
91204
231361
763876
1369
501264
1156
407044
707281
364816
40401
1849
811801
528529
518400
268324
866761
61009
717409
119716
921600
3249
3249
786769
4900
948676
893025
196
336400
405769
361
206116
879844
724201
462400
950625
829921
508369
929296
10609
446224
266256
247009
846400
352836
46656
191844
275625
664225
80656
49284
599076
478864
77284
144
579121
364816
94864
600625
33489
891136
21025
976144
54756
120409
444889
313600
66049
534361
273529
128881
158404
152881
731025
101124
968256
178929
11449
739600
346921
550564
6561
509796
188356
505521
525625
298116
98596
147456
451584
719104
106929
28224
34969
313600
265225
42436
14161
594441
876096
988036
232324
470596
147456
473344
126025
516961
213444
212521
335241
2500
40804
434281
582169
974169
519841
703921
284089
148996
49284
309136
342225
301401
524176
595984
211600
56644
108241
335241
129600
379456
853776
37249
90601
94249
776161
49
142129
116964
670761
912025
553536
139129
933156
256036
128881
470596
119025
59049
179776
842724
638401
64
217156
272484
606841
857476
12321
11449
732736
220900
5625
606841
225
140625
190969
801025
538756
660969
345744
304704
14400
109561
853776
190969
35721
403225
224676
783225
769129
804609
643204
455625
819025
384400
300304
1225
297025
100
244036
565504
692224
322624
777924
715716
887364
101124
8464
729
232324
961
335241
908209
509796
729316
151321
813604
238144
744769
617796
133225
576081
881721
152881
