10000
17859076
13249600
1373584
18662400
7027801
5692996
4910656
15673681
18826921
76176
603729
15129
2235025
23068809
6713281
643204
7623121
2647129
3474496
13060996
15327225
2238016
5861241
13089924
15976009
15642025
466489
7420176
2292196
16216729
2608225
4372281
16152361
17123044
1988100
2785561
2319529
24780484
393129
4897369
64009
7590025
13593969
3055504
15288100
1633284
15217801
9132484
18113536
585225
2673225
10048900
5107600
165649
9853321
6806881
19027044
29929
2835856
4959529
304704
21622500
18645124
20884900
19321
4322241
1532644
9078169
4227136
10342656
2490084
13402921
942841
69696
3097600
1517824
2374681
4048144
18088009
4613904
17040384
786769
2785561
7507600
6996025
23116864
121104
11276164
24800400
11444689
3751969
281961
19228225
1572516
10000
20457529
21939856
7230721
15116544
3027600
819025
216225
3069504
10413529
529984
12327121
19873764
13111641
3511876
13764100
4494400
1004004
898704
14356521
13995081
12902464
12931216
193600
10903204
24275329
30276
56644
209764
20775364
8082649
3644281
187489
6380676
21141604
18662400
380689
3437316
1290496
5607424
6400
10336225
4972900
20584369
3367225
16842816
10536516
15642025
11025
297025
16769025
14784025
17106496
7236100
404496
5938969
15745024
654481
16208676
603729
134689
3489424
7214596
4626801
19307236
13213225
2160900
100
238144
15657849
5654884
321489
4713241
919681
10609
16048036
3844
22090000
18593344
2304324
59536
22638564
131044
534361
5987809
5517801
20430400
7650756
9972964
12567025
12552849
23775376
170569
1507984
4104676
23097636
1473796
12215025
23184225
2893401
6007401
12559936
13097161
21353641
20277009
5329
24780484
839056
1263376
410881
5924356
1868689
158404
17197609
11895601
17606416
2238016
8809024
3849444
21650409
8208225
254016
20502784
10738729
9504889
2411809
19660356
419904
1957201
360000
13690000
40401
246016
5373124
1375929
24980004
14002564
6265009
5130225
23668225
20205025
22071204
6671889
23941449
14784025
1062961
193600
115600
123201
14085009
1806336
20857489
369664
4941729
8082649
1764
16129
13162384
474721
2325625
335241
19254544
9467929
1153476
9345249
18054001
5870929
3232804
3066001
21977344
9084196
1552516
19228225
355216
6200100
20985561
8874441
18326961
1617984
21911761
9205156
6838225
18037009
24930049
1413721
11840481
1923769
1729225
11696400
4305625
8059921
15984004
7924225
5139289
5184
4941729
2298256
6220036
139129
21325924
12482089
11464996
744769
18232900
111556
22127616
14822500
21752896
15880225
14884
484416
11356900
16711744
24423364
22221796
76729
22410756
1210000
8661249
9941409
20493729
4553956
12264004
5480281
19360000
24255625
837225
837225
5851561
1656369
284089
5303809
1050625
7546009
2471184
7344100
14462809
178084
5631129
7767369
3591025
9412624
6290064
5447556
19018321
12766329
15697444
198916
21836929
3629025
24502500
17631601
16305444
11909401
8357881
11812969
11397376
24649
495616
4605316
2085136
6697744
19784704
14592400
111556
5626384
2337841
17106496
17181025
64009
10719076
1079521
21827584
4549689
11370384
147456
498436
5447556
687241
142884
348100
605284
861184
21409129
336400
28900
19492225
94249
106276
13924
14470416
9740641
7317025
21196816
10837264
19280881
3900625
23232400
12432676
1252161
2027776
9935104
12313081
1199025
80656
3534400
2184484
978121
319225
5317636
7387524
1331716
19669225
24970009
4545424
1868689
27556
2393209
2798929
3400336
2768896
227529
24641296
19088161
2050624
10601536
14130081
11600836
19598329
13220496
20466576
724201
3193369
9193024
3783025
11716929
1595169
11716929
19456921
10112400
4326400
12117361
18774889
8219689
12089529
2146225
17918289
13271449
9066121
5094049
236196
1052676
16687225
3243601
3048516
266256
1982464
254016
15374241
697225
242064
23001616
9223369
5189284
17464041
24810361
490000
3218436
22610025
2140369
24730729
10156969
24433249
431649
1108809
11689561
12061729
2679769
11648569
8037225
15155449
62500
14907321
8868484
4206601
367236
23474025
11957764
6061444
13924
414736
8720209
1600225
13542400
2502724
197136
169
13205956
12880921
22724289
9216
24137569
8720209
1932100
323761
127449
1345600
155236
3972049
20912329
10419984
784996
23251684
11833600
46225
10394176
158404
3481
9205156
8173881
30976
13520329
4678569
7800849
5555449
9216
21049744
13845841
13905441
10086976
12159169
30976
9535744
7795264
8508889
64
9909904
16621929
3073009
19881
13315201
24810361
5654884
23251684
22771984
15555136
9278116
28561
16016004
1164241
19175641
280900
1225449
2374681
11035684
23184225
8934121
8462281
12496225
2948089
5934096
4088484
10530025
3515625
1357225
1347921
3541924
18593344
56169
13213225
646416
56169
24671089
20548089
3481
1188100
12082576
19855936
1585081
14668900
285156
3956121
505521
2689600
23833924
16257024
7879249
8236900
10837264
1798281
21031396
4322241
11303044
8008900
15626209
770884
15928081
4778596
2377764
335241
4717584
13667809
665856
12180100
10432900
763876
20976400
9345249
2825761
702244
3556996
12716356
7986276
6739216
42025
16475481
8874441
19035769
3717184
6874884
495616
2292196
22090000
173889
483025
13337104
1677025
1075369
4796100
8042896
2611456
19018321
2347024
14311089
8128201
1238769
1016064
5904900
17388900
7225344
21335161
1113025
1570009
14409616
9
7890481
8151025
8886361
4717584
22867524
363609
8265625
7006609
91204
10830681
22033636
93636
877969
4334724
6225025
14227984
2401
10284849
2742336
14676561
5803281
7661824
23406244
23406244
3751969
15031129
652864
18870336
16641
913936
18887716
18404100
14516100
5410276
2134521
24433249
8573184
471969
15539364
20994724
108241
24870169
1535121
1602756
4276624
13935289
1929321
4481689
10830681
19324816
896809
490000
4682896
4566769
3568321
204304
5593225
7273809
22992025
14791716
13337104
242064
9828225
14538969
7941124
896809
11449
4397409
8910225
16386304
9180900
10975969
16273156
18215824
864900
6022116
18939904
13476241
20884900
6985449
9400356
3489424
11168964
52441
126736
52900
4133089
7403841
18301284
3337929
2452356
18326961
5377761
1106704
9566649
2214144
3992004
20720704
24364096
24820324
12952801
8797156
21585316
15880225
4986289
331776
7784100
2512225
357604
5564881
17867529
13417569
334084
15366400
59536
872356
251001
5180176
36
22838841
206116
8543929
16475481
7683984
15792676
12278016
373321
942841
9333025
299209
5308416
9030025
12334144
3798601
11162281
4393216
15023376
1276900
13542400
20007729
23425600
18130564
9834496
174724
10093329
22382361
7306209
900
4024036
7333264
23116864
6046681
3928324
47524
2505889
912025
5329
4809249
10738729
9778129
16736281
336400
6170256
6770404
15054400
678976
1102500
7595536
10929636
22363441
12816400
9891025
114921
9406489
24147396
23687689
7823209
6843456
23970816
23059204
2805625
22118209
13053769
13366336
1620529
38025
21252100
1809025
13980121
17960644
678976
8008900
23203489
10936249
3179089
13667809
232324
8020224
7862416
14341369
15311569
7480225
10784656
18071001
643204
10220809
16949689
12945604
4687225
16104169
22581504
36481
4489
11316496
14799409
7241481
24108100
23116864
16289296
13307904
16370116
23609881
8003241
45796
20403289
21270544
15288100
24980004
14402025
9394225
18769
7327849
640000
22771984
10949481
8720209
18662400
5885476
8421604
2202256
7784100
7038409
2805625
17707264
5607424
3508129
3606201
5184729
9193024
872356
5184729
4313929
4596736
11025
5248681
9072144
1140624
6512704
9054081
1476225
3876961
20223009
74529
16974400
384400
12830724
4293184
24403600
5564881
24730729
7700625
2250000
15824484
641601
499849
1809025
16200625
15657849
24740676
4231249
1542564
5062500
17081689
11458225
13734436
7700625
1948816
1267876
106929
573049
5475600
13300609
2576025
6822544
7650756
12794929
6477025
23396569
12362256
24039409
1347921
6980164
7584516
19044
22992025
11978521
8037225
14584761
14205361
17305600
765625
121
1985281
1849600
22534009
2149156
17089956
6225025
6713281
659344
21187609
1643524
19873764
6548481
60516
4941729
1288225
7784100
11634921
1004004
16362025
20903184
13278736
3232804
1125721
11819844
2592100
61009
13017664
2996361
19412836
20097289
3031081
662596
4813636
8059921
13191424
1760929
110889
6625476
12187081
1656369
43264
8690704
14791716
205209
29241
24800400
21104836
24334489
964324
24900100
20286016
954529
9859600
3674889
19483396
1212201
4678569
19123129
8014561
2461761
14861025
851929
13942756
1098304
14152644
5593225
13890529
198916
1666681
4915089
3003289
2244004
2298256
334084
10903204
9229444
3644281
8381025
8826841
8352100
8323225
14638276
47524
5645376
550564
21446161
12082576
8439025
16032016
1708249
680625
17724100
4968441
20775364
2592100
5484964
10725625
2849344
7772944
840889
65536
20430400
5827396
3136441
2099601
511225
23126481
11269449
24611521
7722841
6754801
17614809
8737936
7929856
2471184
13675204
14432401
2304
8726116
17255716
7322436
14273284
22231225
24344356
21967969
7160976
5180176
18601969
19035769
3969
2499561
940900
872356
119716
7513081
13942756
5817744
15217801
11847364
5631129
9186961
5721664
8532241
972196
2433600
20187049
21930489
2924100
795664
15904144
744769
12938409
16949689
3721041
12460900
24336
21206025
4652649
19963024
101761
12752041
1100401
1661521
732736
1943236
145161
21058921
14485636
18326961
9186961
6400900
5340721
3147076
202500
10863616
11108889
1674436
18757561
1764
4774225
11009124
5089536
609961
5929225
17514225
18584721
6708100
19881
7946761
11621281
210681
1932100
654481
9603801
5040025
12638025
12103441
10150596
13778944
16900321
6594624
6723649
2019241
18844281
9253764
1142761
7150276
18800896
3066001
16540489
8248384
4624
1750329
13344409
14853316
3455881
18619225
7812025
3996001
4549689
6533136
14508481
12404484
11316496
10627600
4490161
10692900
9548100
92416
3924361
4844401
8242641
855625
24730729
4888521
15737089
5726449
1527696
21659716
17164449
2739025
15031129
316969
8862529
6395841
19501056
1408969
3396649
12694969
20584369
107584
1249924
22061809
40401
20079361
8737936
5377761
16834609
1094116
15792676
5929225
21141604
3400336
11289600
850084
165649
13527684
10989225
8964036
21930489
14508481
21603904
12666481
19105641
15808576
1183744
19321
26244
18335524
13697401
1102500
21242881
23213124
558009
23136100
422500
13704804
12110400
22581504
1207801
6022116
4782969
4194304
421201
3602404
18679684
5793649
330625
15904144
160801
66049
7817616
1960000
14554225
12383361
141376
1572516
13373649
3568321
287296
13756681
8637721
2238016
12432676
1369
7059649
277729
8100
1292769
2660161
6456681
12888100
14569489
21049744
348100
4268356
68121
8982009
6969600
18045504
11539609
18045504
4177936
23001616
19483396
3663396
2319529
4080400
324900
22695696
15264649
396900
16434916
161604
17264025
16728100
9357481
1067089
17464041
299209
7091569
9431041
17106496
8014561
16088121
1159929
23970816
18241441
16589329
15108769
12383361
14600041
9821956
3663396
24690961
15210000
14645929
2223081
844561
559504
6791236
23280625
1896129
2752281
51076
3545689
4410000
21492496
8497225
6922161
33124
3724900
491401
447561
22657600
22193521
3048516
1016064
15856324
4708900
23951236
14837904
982081
19184400
4481689
919681
10751841
889249
14447601
17614809
9253764
1979649
16168441
592900
19509889
357604
7033104
2301289
54756
3678724
17197609
172225
14799409
1437601
5934096
24591681
828100
17480761
933156
1545049
1822500
4888521
2090916
5475600
2528100
12687844
21622500
23697424
732736
23068809
173056
62001
6558721
19678096
1036324
3908529
1156
13461561
23474025
2621161
3755844
15928081
11458225
4566769
2377764
672400
4389025
6007401
25000000
19465744
2025
7300804
2630884
2220100
1940449
20830096
1968409
1087849
19633761
5098564
714025
23493409
6280036
22629049
401956
23765625
3003289
4076361
23961025
2490084
13227769
3356224
3686400
4088484
15745024
23164969
8071281
5827396
5121169
17581249
10093329
13388281
3587236
23030401
2250000
10797796
19027044
8421604
462400
20736
2283121
8271376
1800964
16128256
6927424
3904576
15132100
19053225
119716
14318656
5262436
15864289
3873024
319225
5550736
5230369
142884
38416
1108809
15936064
547600
17884441
7027801
6932689
143641
252004
844561
1192464
11587216
2553604
1527696
24147396
20016676
15437041
79524
4431025
5089536
17397241
7958041
6770404
18550249
2149156
8620096
6895876
11444689
84681
24127744
12544
3378244
5363856
16834609
6646084
2387025
9641025
44100
3697929
13010449
6150400
9090225
4040100
184900
362404
10725625
24039409
777924
12645136
11282881
9847044
16638241
6411024
4372281
22439169
121801
676
5579044
13920361
2782224
13140625
14760964
12285025
885481
18464209
5924356
6175225
5764801
15968016
576081
5564881
2175625
15625
518400
3625216
4318084
15960025
9972964
8761600
6502500
8231161
1203409
8880400
3069504
10156969
7376656
4410000
20830096
5929
4765489
1515361
2916
1048576
22420225
5503716
2795584
12397441
1397124
180625
6330256
3763600
7745089
116964
11675889
12271009
5044516
244036
14814801
3080025
11923209
7562500
950625
811801
532900
16630084
192721
11868025
6400900
1833316
23755876
22202944
6677056
1635841
4355569
13476241
13133376
14130081
4800481
23088025
17497489
22146436
9585216
3861225
2209
2286144
3308761
13278736
4024036
4076361
3066001
3276100
22743361
16621929
16507969
3422500
9954025
727609
2709316
467856
4870849
8242641
3052009
22944100
17214201
14691889
23155344
17007376
15547249
4008004
15429184
9765625
9357481
11397376
2079364
19873764
23882769
21270544
19829209
10523536
2660161
6528025
1976836
7568001
8904256
219024
21160000
6200100
1742400
6744409
20475625
23794884
219024
1615441
21790224
937024
2117025
690561
8464
158404
17514225
137641
12404484
5031049
14032516
1729225
9314704
13198689
859329
14876449
10419984
15280281
7634169
21464689
2752281
556516
2108304
6812100
10465225
17007376
42436
7612081
16008001
4100625
145161
400
8958049
3370896
724201
19678096
4986289
1225
23097636
568516
13169641
12616704
4280761
9199089
12503296
18896409
10504081
9703225
10595025
1006009
7551504
24137569
9616201
303601
15007876
7219969
21846276
185761
3232804
729
6031936
4743684
1954404
3240000
16104169
5053504
1525225
6744409
13205956
1081600
22118209
13068225
889249
3136441
8994001
688900
6095961
1535121
15563025
522729
12909649
9265936
3948169
2866249
24462916
4892944
535824
21344400
6980164
6395841
996004
9409
22146436
5736025
10549504
5041
990025
20088324
7112889
960400
3511876
5612161
21104836
17372224
241081
15555136
24980004
8755681
2353156
86436
1089
16129
21986721
4076361
10055241
21473956
17892900
15225604
366025
10394176
2044900
2566404
21827584
6190144
121801
8526400
6543364
1803649
5764801
2483776
5391684
18267076
15563025
10679824
22982436
619369
4888521
22953681
14032516
14025025
2062096
16900
49729
1263376
12257001
22515025
573049
16662724
24990001
7365796
5313025
2039184
444889
3908529
71289
1030225
23970816
17438976
13756681
13307904
565504
1062961
18267076
1098304
422500
16540489
3363556
8179600
43681
3728761
8737936
2702736
4247721
20520900
16966161
314721
18275625
23765625
988036
18258529
15523600
10883401
4210704
21224449
2647129
5377761
3892729
8259876
2232036
465124
8254129
12938409
9388096
4605316
21566736
13786369
6574096
2184484
8549776
7683984
11614464
774400
588289
3312400
3101121
23863225
13927824
1071225
1236544
22335076
2752281
2601
19149376
13771521
1018081
5541316
5669161
8892324
51529
51076
225
9603801
14615329
9474084
2550409
12013156
9872164
17305600
1677025
1134225
10784656
1113025
10863616
161604
8259876
3249
82369
2579236
1190281
1954404
7198489
16826404
7840000
11628100
7907344
14508481
582169
36864
9872164
978121
3129361
9960336
192721
3775249
6682225
11471769
167281
527076
15202201
9333025
9872164
12489156
16883881
2067844
15484225
11122225
8099716
17816841
1669264
15492096
381924
15792676
19263321
22752900
13950225
4840000
12802084
20223009
14010049
9431041
3374569
262144
6646084
13155129
6022116
26244
4056196
17757796
5013121
5125696
13111641
144400
635209
16654561
10042561
22382361
5832225
1028196
15618304
13734436
1695204
848241
16248961
476100
4169764
16949689
8352100
383161
13053769
8904256
1681
201601
23493409
6853924
16613776
13344409
7722841
5958481
17791524
1874161
22127616
8054244
3059001
250000
3682561
24176889
2502724
469225
5212089
3553225
552049
12845056
17288964
1265625
18258529
1437601
58564
12348196
10048900
14853316
2244004
10304100
429025
1806336
685584
1170724
1817104
24581764
12404484
320356
1760929
20948929
22610025
9455625
2039184
9150625
18861649
9054081
13764100
2640625
23951236
19820304
2433600
16410601
3717184
693889
62001
4704561
18887716
11682724
1046529
4818025
2650384
9174841
23921881
14493249
16892100
1532644
14167696
15864289
3250809
8100
12666481
8468100
20394256
24860196
872356
44521
8964036
21557449
10156969
17969121
198916
22534009
10817521
5635876
335241
23912100
20629764
1628176
21706281
3671056
12047841
1653796
1679616
11296321
2085136
164025
902500
43264
19245769
16851025
88209
18464209
4056196
1357225
18335524
8684809
1890625
13162384
15539364
20802721
8213956
19245769
434281
6285049
3097600
1530169
5740816
7043716
14938225
4218916
848241
5452225
22014864
4915089
4190209
1288225
15784729
8976016
1800964
11289600
11916304
8946081
7054336
216225
257049
10824100
22695696
3538161
3674889
13727025
7800849
1285956
9554281
23078416
13249600
1447209
1081600
1071225
43264
1577536
19722481
6150400
12888100
234256
22052416
3952144
2617924
13461561
1784896
18593344
11424400
22915369
13351716
5697769
2572816
17305600
456976
1868689
5721664
15555136
5041
2359296
6084
20367169
1792921
13816089
4272489
13920361
1218816
5171076
24860196
295936
22600516
24285184
1054729
641601
3667225
15968016
674041
21178404
10936249
17640000
19263321
10969344
2518569
984064
6105841
5116644
5560164
23639044
1454436
14288400
7562500
1646089
10837264
16711744
1825201
2927521
7941124
6022116
15872256
7862416
18913801
7921
16670889
2982529
5026564
994009
522729
9375844
358801
145161
5116644
1792921
13638249
14807104
13557124
6325225
6056521
1079521
13905441
324
1368900
2184484
7033104
19900521
319225
16024009
1371241
22420225
7884864
2271049
6441444
4652649
8684809
2624400
55225
35344
15745024
915849
10562500
842724
7236100
3470769
5089536
7474756
4251844
877969
61504
20448484
11068929
107584
795664
20214016
3258025
23961025
95481
13853284
62001
8014561
11943936
9345249
474721
986049
2449225
13220496
15713296
3236401
30625
18344089
16875664
11723776
40401
9916201
2683044
14500864
777924
13682601
1203409
6155361
20912329
600625
7890481
215296
73441
931225
128164
3728761
21958596
368449
1238769
9865881
225
3247204
235225
2493241
190969
640000
22363441
3853369
6889
35344
3024121
2673225
11128896
11397376
3218436
323761
4305625
8352100
19377604
2712609
289
12687844
11985444
2686321
20484676
29241
12737761
318096
603729
21911761
3136
4592449
8031556
3583449
5329
10692900
7246864
1331716
2512225
17023876
1798281
11042329
4460544
1058841
2883204
66564
2550409
14227984
9903609
5522500
3132900
20385225
829921
53361
1329409
190969
3076516
1151329
5531904
15069924
568516
5793649
1050625
24393721
18481401
1203409
20802721
11175649
5062500
1311025
14592400
24433249
19954089
868624
942841
1354896
1413721
15358561
1658944
471969
1610361
9345249
40804
4748041
21529600
7322436
15737089
1940449
14280841
1737124
75076
781456
13875625
7022500
675684
19140625
14040009
145924
7382089
5513104
2328676
2362369
5244100
984064
14592400
21270544
4648336
1849600
12467961
11854249
4186116
1324801
8128201
12952801
21911761
6200100
7059649
13307904
54756
2059225
24651225
258064
5373124
1681
20331081
9853321
19501056
10595025
23746129
12138256
3822025
1954404
400
355216
5712100
36481
43264
804609
2402500
8100
477481
24482704
6718464
12538681
23990404
5161984
5678689
6522916
844561
6843456
15904144
4999696
20025625
1703025
13162384
15872256
633616
9259849
12888100
446224
2331729
295936
11675889
8398404
1299600
4656964
9541921
7284601
9326916
21511044
7772944
9216
21022225
143641
13227769
20097289
7022500
5621641
4145296
24216241
24860196
5645376
12306064
660969
1024
4558225
1317904
4748041
2340900
22439169
17623204
9339136
2666689
6838225
5313025
7683984
22771984
154449
3319684
17455684
1912689
21242881
390625
5377761
1792921
18156121
9941409
115600
2660161
2374681
67600
8814961
15335056
14161
17689
15578809
5080516
1638400
1267876
14311089
5607424
2805625
10176100
16000000
18395521
244036
9753129
170569
5013121
24443136
887364
24730729
817216
2452356
5248681
5026564
4748041
197136
6666724
25921
3936256
17581249
20079361
808201
18593344
21279769
1432809
8508889
795664
13498276
9308601
10627600
121801
6718464
13039321
978121
19686969
3006756
1962801
2805625
2812329
13645636
2712609
6661561
67600
84100
1378276
14364100
537289
14100025
15602500
16548624
18490000
11771761
24661156
24631369
9259849
6320196
17901361
82369
1411344
5202961
23990404
8340544
23736384
12306064
15023376
18558864
58081
2653641
5452225
10692900
103684
110889
722500
3736489
386884
4092529
521284
1833316
4536900
1048576
3143529
7733961
649636
3020644
16769025
14807104
364816
11055625
236196
9878449
366025
146689
1060900
3341584
15139881
1580049
6185169
233289
8323225
23242041
14077504
20784481
23716
908209
8082649
4524129
18731584
24176889
23357889
2122849
883600
2576025
346921
3045025
22043025
21930489
3779136
88804
9042049
5904900
11833600
24631369
17338896
674041
9872164
9326916
4313929
394384
12510369
1726596
201601
13249600
4946176
3818116
21095649
4356
16646400
15366400
24820324
15303744
2985984
5166529
267289
5363856
136161
44521
11222500
13432225
3459600
7333264
1196836
2725801
7128900
2588881
6105841
657721
21743569
808201
7784100
20711601
4892944
10484644
10176100
619369
2380849
17089956
727609
3900625
9320809
4778596
784996
22848400
657721
7584516
11881809
1390041
8785296
9909904
23454649
1380625
731025
5234944
7980625
12418576
15186609
87025
470596
24117921
6482116
23309584
660969
1229881
19509889
125316
3594816
921600
20142144
7551504
8608356
15147664
1651225
29241
576
4389025
8555625
23251684
21399876
5017600
8820900
19963024
11662225
14622976
9659664
1535121
13690000
4016016
8328996
543169
10666756
185761
318096
16630084
2368521
24810361
613089
11792356
883600
72900
6416089
50625
17322244
28900
156025
288369
5125696
11015761
128164
3568321
3651921
11068929
7338681
105625
4626801
4700224
8497225
722500
17397241
640000
8631844
14348944
6666724
12264004
8208225
223729
12124324
24990001
15256836
597529
72361
7789681
5517801
611524
8761600
7524049
1737124
2480625
5827396
2805625
23193856
18696976
1833316
15023376
1000000
12278016
1087849
15319396
497025
2449225
1136356
13264164
123904
24990001
12215025
20866624
221841
3904576
20848356
19158129
16810000
1406596
12383361
2096704
3869089
8008900
17564481
21492496
571536
8737936
7091569
3697929
5193841
16128256
636804
21436900
6345361
10188864
12552849
20930625
22619536
921600
20866624
2128681
919681
9381969
1052676
2042041
1932100
3779136
4652649
240100
9790641
4108729
3751969
2096704
23580736
6145441
5929225
3857296
3189796
9409
15100996
173056
16908544
21939856
2025
8892324
8265625
24403600
6533136
15864289
808201
12082576
194481
3448449
2365444
7946761
21511044
8567329
22676644
3218436
22733824
17994564
14600041
9345249
4165681
784
3560769
20034576
3964081
13490929
20903184
769129
16711744
1296
3655744
17081689
9102289
1295044
16581184
3705625
14400
1747684
160000
314721
20529961
10817521
11417641
17372224
1476225
20178064
5349969
5452225
13935289
6175225
152881
4519876
14938225
5184729
2563201
731025
900601
1373584
9504889
1929321
1456849
24940036
3508129
331776
6170256
5271616
6250000
6775609
13082689
18071001
20385225
9903609
6446521
8369449
13439556
11025
13957696
5433561
5948721
14600041
23184225
8003241
894916
13535041
11236
6482116
784996
5788836
4761
102400
14394436
1628176
2775556
4072324
10259209
17214201
18601969
492804
3066001
8584900
1700416
1602756
5895184
14760964
260100
1196836
88804
18028516
22810176
7491169
19518724
21068100
3674889
131769
21353641
11383876
18147600
3452164
608400
18731584
4739329
855625
3822025
14760964
8661249
24649
18852964
5085025
4884100
5978025
2359296
12341169
13764100
15713296
13734436
326041
1985281
16032016
1364224
1401856
3027600
342225
4515625
13366336
5285401
9591409
4120900
2427364
24542116
17313921
784996
12131289
2064969
8065600
5400976
534361
18913801
9108324
18818244
2427364
213444
762129
5041
273529
1411344
16384
1194649
15586704
17065161
13053769
17161
4937284
17614809
13017664
770884
8111104
2903616
18139081
19404025
2748964
22762441
2696164
19600
1456849
695556
14554225
10824100
33124
10137856
6901129
9554281
13286025
12243001
9991921
17363889
1079521
21538881
2598544
24860196
14220441
50176
13689
986049
595984
5776
10381284
13097161
3164841
14684224
19149376
22924944
12974404
1034289
24275329
1345600
3422500
8836
19793601
11444689
10738729
4305625
2172676
3694084
3709476
972196
5953600
8785296
391876
162409
8696601
19333609
3912484
19509889
3031081
7562500
20178064
24621444
7398400
6880129
21025
11881809
5808100
14032516
19927296
13608721
1580049
7102225
14303524
4235364
1098304
4235364
234256
15000129
109561
5803281
23600164
16999129
2972176
234256
20475625
1050625
1517824
2259009
3214849
8832784
364816
6953769
18361225
11042329
67081
19616041
9746884
7118224
20484676
6682225
1838736
611524
2563201
2217121
17564481
16000000
24000201
21855625
8248384
52441
11799225
7452900
18931201
2283121
20839225
51984
6426225
633616
2992900
461041
14161
13579225
10989225
570025
11282881
12766329
33489
2190400
6723649
1123600
173056
90000
10195249
4068289
9865881
5683456
1032256
9235521
4235364
15116544
10673289
3400336
8814961
15760900
11249316
6416089
301401
5017600
21902400
13176900
8520561
1322500
5354596
1520289
3625216
451584
1340964
4351396
4631104
10404
9891025
6589489
3073009
1787569
874225
23941449
5184
3806401
8590761
4532641
4796100
6502500
105625
2280100
8242641
13527684
155236
11689561
842724
5329
11560000
14714896
1493284
508369
2016400
9765625
7485696
6640929
2439844
1535121
16240900
1119364
24964
613089
14032516
1192464
455625
14577124
19307236
24581764
894916
8614225
6285049
1612900
19749136
2989441
1690000
23396569
2247001
4915089
1590121
23990404
5779216
6160324
3849444
14615329
3833764
22061809
7573504
23726641
876096
3171961
861184
1194649
6568969
21846276
12503296
21068100
12187081
18335524
20675209
620944
4910656
11594025
11628100
2755600
17689
22174681
8111104
2660161
10738729
16883881
8294400
4129024
8655364
23435281
729316
1567504
790321
12996025
1258884
10086976
3020644
4202500
18215824
18490000
9455625
17272336
15124321
2449225
11812969
22915369
13719616
425104
10182481
4464769
13417569
21855625
10067929
8196769
7059649
7845601
11042329
287296
23348224
6843456
2985984
470596
14953689
6848689
412164
1798281
627264
5659641
11492100
1993744
9186961
7929856
3682561
10699441
19184400
126025
9351364
19669225
5560164
6760000
8410000
5631129
5175625
1149184
55225
1646089
15000129
24098281
3308761
3136
6370576
23990404
4380649
1934881
14945956
7480225
7458361
21696964
2146225
6110784
5861241
717409
82369
18826921
16957924
1036324
1092025
12439729
3254416
22600516
1267876
22118209
4519876
22581504
600625
13778944
1071225
998001
24720784
17682025
1110916
6230016
206116
9903609
56644
18662400
4986289
18662400
108241
2401
3207681
16818201
802816
11758041
11826721
169
636804
697225
23921881
6765201
345744
1032256
5308416
16532356
4494400
19624900
17048641
20304036
3168400
16818201
3844
17514225
2547216
265225
5433561
10144225
1406596
837225
6270016
2292196
929296
417316
376996
3455881
181476
163216
10387729
1495729
6708100
9690769
30625
10099684
230400
14668900
12924025
6754801
21261321
7414729
11943936
1932100
10080625
12369289
330625
22752900
147456
18122049
18541636
8532241
29584
3272481
619369
6185169
6022116
7573504
18879025
8288641
9960336
15358561
205209
555025
4124961
3920400
75076
6300100
654481
48400
2134521
3139984
8661249
1607824
9991921
1247689
1292769
13950225
5013121
2310400
18870336
2383936
627264
20385225
22137025
2490084
11242609
4656964
18748900
7273809
1929321
14722569
8803089
10195249
870489
24970009
29584
1456849
14884164
5442889
7717284
101124
16842816
518400
8631844
13075456
10169721
16597476
13712209
3164841
351649
9278116
21846276
7485696
15303744
19166884
18610596
5125696
8340544
13271449
1721344
18284176
6145441
18301284
14592400
22686169
391876
118336
5387041
20097289
16224784
9801
1329409
20097289
4708900
16728100
9597604
128164
10004569
3240000
12166144
11449
1432809
9998244
8076964
11664
15139881
12299049
13860729
3161284
12257001
1156
5784025
5433561
439569
1500625
4384836
1658944
8526400
19483396
4507129
3790809
20358144
10725625
2042041
2829124
13808656
770884
11498881
10432900
16240900
10439361
21977344
51076
1937664
15062161
2842596
2669956
5702544
166464
11641744
788544
195364
665856
10361961
6031936
11505664
2768896
14017536
1718721
1159929
749956
10608049
346921
242064
1075369
13118884
312481
3667225
4048144
14348944
891136
2540836
12075625
6355441
8910225
5546025
17690436
942841
22486564
21288996
19201924
3928324
1979649
2399401
2408704
14915044
24413481
10336225
15657849
6775609
18412681
1378276
4892944
1515361
2772225
10549504
23541904
12780625
2292196
10342656
5579044
14508481
23126481
698896
1768900
17189316
20638849
3560769
13456
404496
2250000
720801
6848689
18130564
5745609
270400
9734400
5461569
13942756
4309776
1669264
19158129
21178404
12271009
368449
1602756
9622404
3279721
23435281
21307456
1898884
12630916
22810176
1406596
550564
6036849
2832489
80656
18870336
9922500
5157441
4818025
15984004
1537600
2111209
1946025
3094081
20903184
6889
3404025
8994001
1887876
1490841
6760000
1507984
3337929
47524
18748900
24890121
1988100
88209
1865956
1729225
5184
6512704
4227136
6395841
343396
13623481
10394176
13957696
925444
174724
16687225
12623809
3496900
229441
96721
7800849
3663396
4644025
4596736
10804369
22344529
1199025
20385225
2414916
7096896
38416
2377764
180625
242064
18147600
3027600
316969
10004569
21609
19740249
14047504
14730244
7107556
14707225
1324801
9511056
8526400
22118209
1703025
11546404
1863225
202500
2765569
23736384
6723649
24502500
21141604
13593969
665856
6265009
1825201
5583769
157609
9778129
8145316
21678336
23677956
22733824
7941124
169
17732521
2449225
40804
10419984
3069504
7311616
7091569
21818241
14122564
15745024
19536400
14884
19509889
1172889
1809025
11296321
5683456
889249
4190209
10233601
23011209
22553001
3659569
37249
17875984
22714756
1440000
16752649
20548089
16136289
208849
9025
3740356
432964
11042329
13579225
11296321
970225
11256025
12040900
1700416
7695076
12902464
4293184
14868736
1658944
186624
1535121
12830724
14676561
622521
11417641
24314761
7295401
12752041
17288964
14577124
22762441
10569001
11229201
19321
3481
11868025
4293184
4280761
9728161
4443664
3171961
16842816
213444
63001
3094081
21049744
37636
14676561
22992025
2193361
18164644
5692996
3969
19749136
20484676
11840481
19140625
4959529
11309769
12475024
5740816
20115225
9821956
556516
21381376
20657025
294849
9284209
2601769
13402921
24025
11512449
16941456
3873024
13271449
765625
8450649
14714896
1117249
16434916
100489
101124
2070721
2996361
22676644
929296
29241
238144
20629764
23863225
16152361
3755844
19096900
12285025
7198489
119025
9296401
20948929
22496049
21724921
21068100
23980609
9320809
3249
10349089
9290304
866761
6125625
3545689
3948169
2334784
12609601
13373649
8797156
78961
22752900
15444900
3250809
66049
12047841
2849344
393129
3097600
5803281
17065161
19740249
7579009
12467961
137641
6225025
20638849
1721344
14017536
15586704
1874161
10969344
3980025
13329801
617796
52441
407044
5354596
14288400
417316
2660161
169744
172225
3655744
4906225
4092529
3010225
64516
7017201
12208036
7086244
9809424
18386944
3118756
9084196
21706281
374544
6538249
940900
18966025
2262016
5466244
7107556
23522500
978121
23078416
6084
8868484
12033961
43681
24750625
9801
385641
3031081
4044121
17530969
14160169
14025025
19713600
7634169
5008644
11923209
5044516
2328676
47524
2598544
6431296
687241
17372224
12285025
2359296
4092529
4818025
305809
3504384
20566225
126736
10896601
14930496
14622976
12320100
14730244
15389929
232324
3724900
5221225
21790224
478864
1058841
210681
23097636
21325924
15295921
11587216
6225025
230400
225
900
7075600
285156
23882769
17598025
6533136
4330561
22543504
606841
8803089
2117025
185761
3348900
2660161
15523600
4076361
3629025
597529
15586704
17547721
193600
982081
2461761
5062500
633616
1406596
1345600
303601
13549761
8946081
319225
3844
423801
1205604
24482704
1432809
25
4112784
5271616
4558225
1811716
10609
6584356
10080625
3003289
8162449
37249
13227769
13176900
17139600
7980625
177241
16900
555025
7134241
5189284
10771524
33124
7997584
3849444
10067929
22515025
11397376
30625
708964
11042329
7414729
4835601
2900209
361
18774889
9290304
2169729
3602404
1495729
10272025
22610025
7656289
3389281
11451456
3636649
1034289
24336
11478544
3101121
7986276
442225
1764
9048064
23474025
11262736
6411024
21058921
2996361
16467364
184900
2809
3168400
6906384
9653449
9922500
3845521
1334025
21362884
44100
13905441
7986276
1731856
2235025
1036324
22080601
22591009
4137156
23571025
9865881
14394436
16257024
24649
35344
4157521
1
12552849
850084
21058921
2640625
24790441
1879641
2812329
9678321
15984004
1290496
1587600
5336100
5244100
4990756
14992384
5616900
1990921
34969
14930496
5900041
1532644
13082689
19909444
5973136
9665881
21233664
2175625
10660225
22992025
23677956
10666756
21986721
619369
17690436
1723969
4485924
331776
18844281
51984
857476
226576
8059921
10465225
16949689
5184
11957764
2208196
2199289
13286025
2896804
15295921
23833924
2788900
22316176
5405625
22829284
466489
22801
9253764
3345241
256
7070281
2301289
4644025
3478225
17480761
18249984
5953600
12404484
20241001
11323225
121801
5461569
8714304
19945156
14145121
7623121
5303809
59049
1974025
16032016
255025
6959044
452929
51984
1726596
202500
5121169
2146225
23464336
16736281
8020224
14853316
3841600
24860196
515524
1299600
370881
20340100
21724921
11449
17859076
1855044
14409616
12453841
4748041
6533136
1664100
20079361
17222500
7257636
12145225
21659716
2835856
259081
1520289
8982009
919681
12215025
19900521
4639716
15507844
13286025
1014049
804609
13176900
9467929
4145296
17969121
15507844
9296401
485809
20385225
19448100
712336
9265936
8643600
11553201
18774889
5856400
15210000
11410884
5089536
12623809
1996569
7645225
1295044
19448100
5625
968256
49284
4963984
24216241
14945956
21031396
667489
14807104
16112196
17682025
9523396
18515809
5076009
17956
14577124
9084196
956484
10323369
908209
529984
15186609
22316176
21418384
5171076
3920400
20539024
1521
22505536
447561
19784704
23213124
2732409
21799561
11539609
8555625
23882769
18783556
14002564
13942756
22090000
18472804
10055241
125316
2402500
21678336
17397241
837225
400689
13950225
10361961
7360369
6922161
8655364
5475600
1580049
24216241
3500641
1677025
1032256
15147664
550564
4774225
295936
3104644
3736489
12027024
9000000
6859161
12680721
3003289
5373124
8168164
1575025
7134241
576081
829921
10201636
2798929
8381025
3717184
23921881
368449
829921
17514225
18472804
4695889
16851025
6355441
11978521
2169729
1993744
306916
13373649
3822025
5359225
348100
3147076
99225
10291264
112225
11553201
3523129
20647936
1012036
808201
91809
10679824
197136
11068929
6320196
13868176
20884900
20007729
21473956
14092516
14884
3240000
17724100
6980164
67600
465124
16426809
4687225
18826921
5564881
20061441
1638400
17081689
1311025
20133169
670761
802816
7371225
2937796
10582009
13053769
4064256
8248384
16459249
117649
148225
7728400
24127744
23590449
5822569
289
24790441
318096
17859076
15776784
4730625
1587600
9150625
18826921
3802500
3010225
28561
10426441
4923961
1726596
16540489
19263321
12680721
3171961
1216609
10017225
3045025
9721924
1073296
641601
23155344
2016400
24324624
1155625
6911641
13660416
1190281
15673681
18139081
2785561
18335524
2053489
8573184
5317636
594441
23785129
154449
883600
9641025
6817321
12996025
12411529
4000000
12369289
91809
9622404
2825761
11553201
6610041
16548624
17640000
5678689
3381921
233289
23126481
19954089
17464041
810000
22819729
11812969
15366400
16475481
23716900
3411409
7376656
3968064
2968729
19891600
18344089
1390041
4289041
8334769
1108809
178084
7590025
7327849
12411529
619369
1221025
5978025
23561316
2742336
1390041
2866249
4575321
976144
6305121
1734489
10491121
13249600
1221025
4656964
16402500
5410276
16032016
3115225
18645124
4318084
6640929
24522304
21233664
21594609
8059921
435600
4624
3783025
11329956
24423364
7463824
675684
5692996
6682225
6140484
12709225
18292729
21307456
817216
3196944
5216656
17156164
182329
11478544
1687401
20034576
4268356
91204
6718464
1912689
13920361
28224
1779556
21996100
1359556
274576
121801
6682225
6095961
4356
15038884
2408704
5013121
6843456
17106496
22240656
6411024
22705225
466489
11799225
8433216
8797156
6635776
21921124
7322436
51076
259081
22762441
3530641
9610000
6275025
370881
21344400
36100
88804
4566769
509796
3992004
1153476
20557156
11662225
24512401
1177225
4020025
15350724
2471184
2961841
2099601
1784896
14100025
1525225
349281
2961841
14516100
73984
605284
16281225
608400
3610000
833569
53824
19395216
8254129
23532201
893025
20448484
11148921
2748964
8242641
19465744
6466849
6953769
511225
24790441
21548164
21455424
8427409
1855044
5919489
348100
13456
13446889
1394761
10163344
14661241
2108304
100489
8196769
4981824
4910656
16384
6066369
8826841
18939904
13432225
15335056
15007876
11256025
3705625
3041536
7656289
672400
19193161
23357889
636804
16176484
665856
2704
3010225
10549504
412164
10252804
3667225
3319684
1932100
552049
10712529
9351364
24571849
3444736
75076
2062096
18645124
10523536
620944
18783556
4661281
21724921
7230721
190096
7595536
3265249
1575025
4562496
2686321
11587216
6295081
14485636
11943936
18003049
11600836
16785409
5978025
102400
5152900
34596
5827396
3587236
10517049
13853284
14062500
23697424
24964
19527561
9684544
5276209
11025
2630884
3829849
7800849
11621281
1132096
904401
21743569
10240000
15531481
9406489
4243600
7540516
2316484
7049025
1324801
3880900
9801
7963684
349281
2676496
2518569
6170256
1512900
2758921
6682225
1205604
3305124
11262736
17715681
217156
11971600
4761124
5866084
6780816
349281
23396569
12630916
2576025
19254544
6220036
21818241
2096704
2531281
6471936
16826404
7518564
20367169
304704
3667225
10609
12524521
12264004
15515721
22733824
26244
2319529
748225
11095561
1512900
2030625
14409616
21986721
13010449
6599761
13278736
301401
14115049
12595401
4635409
9891025
1085764
10086976
21086464
15880225
516961
2025
9474084
53824
355216
24920064
2842596
17089956
23474025
3904576
15217801
1844164
12243001
1249924
1081600
1166400
6461764
1408969
4498641
6250000
11449
583696
19360000
14930496
18601969
2411809
4032064
2910436
22353984
2556801
476100
3232804
2699449
14190289
11431161
12888100
12321
4489
16605625
1708249
11519236
18722929
7102225
3579664
197136
13719616
18696976
8916196
1545049
2085136
3374569
1819801
4870849
1530169
44944
8242641
17147881
4923961
20948929
48400
28561
2617924
4068289
10004569
3017169
158404
3069504
3411409
3297856
4743684
9941409
43681
2265025
4704561
11923209
10890000
4950625
7706176
6953769
12020089
17799961
20016676
1361889
7711729
504100
1901641
419904
1444804
24492601
50176
2019241
13924
3389281
11812969
21455424
24295041
34596
7485696
3150625
4004001
24137569
1638400
12687844
7667361
23040000
4056196
1142761
4096576
1301881
13727025
3392964
128881
20520900
9054081
9828225
57121
546121
17956
7795264
471969
127449
17740944
4648336
12602500
7017201
3196944
12096484
8031556
765625
2576025
1408969
619369
17943696
22543504
24088464
149769
9690769
952576
14160169
18088009
1065024
364816
927369
315844
24641296
16785409
4631104
4218916
339889
24443136
7513081
5248681
17264025
1557504
705600
9954025
19245769
448900
5480281
68121
13147876
12439729
5760000
17749369
21399876
5322249
21150801
7496644
21473956
11296321
3960100
442225
100489
8714304
1503076
78400
11560000
11410884
5447556
15856324
11029041
2033476
1620529
14645929
16200625
11999296
3928324
11641744
235225
18679684
576
213444
17640000
14250625
21846276
31329
1168561
390625
8491396
4268356
15880225
1575025
7458361
426409
311364
15649936
870489
15657849
13579225
21325924
18412681
4020025
5736025
3667225
692224
7678441
2992900
17347225
6421156
12723489
23406244
6543364
144400
16297369
7203856
1976836
17749369
14175225
4120900
12096484
688900
5597956
22391824
24127744
9114361
83521
14961424
91809
356409
6512704
24206400
1535121
826281
13439556
20295025
9560464
2062096
6692569
5089536
15760900
1329409
4380649
8288641
8317456
6155361
315844
18395521
9272025
459684
1737124
2316484
8179600
13571856
6786025
7678441
9326916
18020025
8940100
11262736
23435281
3587236
21409129
5914624
7851204
10837264
10810944
797449
1164241
763876
20250000
2304
11410884
8667136
18301284
1592644
179776
23425600
302500
12027024
3493161
3489424
1798281
22353984
3621409
15563025
14830201
24561936
10169721
3385600
10962721
19193161
13935289
18395521
10010896
8328996
6656400
2108304
16900
13380964
5405625
21427641
3364
494209
15397776
18792225
10995856
18896409
276676
14938225
17355556
5736025
4343056
256036
12068676
114244
643204
5400976
2706025
15920100
266256
1708249
22306729
360000
354025
8328996
12152196
10074276
474721
13068225
10137856
9084196
21123216
21095649
4624
23726641
77841
11444689
17791524
648025
12952801
22420225
20711601
466489
58081
19149376
5626384
1085764
9314704
16136289
1915456
12723489
104329
6041764
17355556
842724
117649
16024009
196249
5683456
15760900
13147876
3059001
24176889
10355524
3297856
22915369
12229009
2402500
16032016
426409
2250000
13980121
2418025
12489156
109561
864900
820836
7420176
15848361
24226084
210681
6487209
59536
8503056
9394225
6315169
21261321
4272489
8737936
3976036
1073296
2499561
14002564
5308416
1324801
3644281
4372281
998001
23136100
1196836
2725801
1713481
1401856
10272025
23454649
8213956
236196
4410000
348100
19954089
4084441
1098304
11323225
13075456
99856
2042041
6155361
24265476
23503104
190096
3682561
4995225
11343424
435600
20602521
20412324
6594624
2653641
3489424
13905441
16597476
12376324
1369
2592100
9449476
1515361
20025625
12673600
11088900
2005056
19166884
2896804
14561856
7518564
101124
17065161
273529
7828804
16451136
136900
21022225
5410276
6780816
8714304
8910225
12208036
14607684
3625216
14884
474721
399424
300304
312481
4080400
4652649
24840256
10569001
8898289
23961025
2496400
564001
18249984
10771524
20848356
4056196
24512401
2304
15116544
16810000
207025
18122049
1296
7728400
10316944
8922169
583696
2910436
9985600
16152361
10106041
40401
21622500
13883076
4456321
9126441
4990756
4384836
1615441
2461761
3956121
17665209
5377761
6822544
14714896
10471696
954529
19044
10778089
23658496
17952169
13965169
16974400
18249984
2298256
13571856
13032100
13184161
151321
9746884
7017201
24196561
11035684
13322500
24970009
186624
2788900
12830724
6375625
18429849
22500
748225
12215025
14592400
23319241
5428900
4223025
648025
6086089
2852721
447561
9333025
3157729
1299600
13527684
21566736
23261329
13242321
10719076
2442969
3097600
5171076
2196324
6561
5175625
8008900
262144
88209
1990921
19263321
21058921
8485569
2576025
19669225
2999824
2053489
3111696
14341369
5008644
338724
3337929
18130564
24880144
12988816
157609
13432225
10543009
48400
5303809
8254129
3175524
16507969
21316
21298225
245025
14235529
5973136
1014049
16556761
14861025
3052009
81
3122289
22118209
19740249
23522500
1290496
1454436
13220496
22325625
9853321
3294225
15856324
9771876
174724
19166884
9872164
13424896
21132409
197136
8340544
1901641
736164
9205156
5499025
1830609
9972964
22934521
13771521
4955076
24950025
3272481
4990756
9690769
2283121
2808976
8773444
7001316
17918289
8702500
5616900
13860729
22695696
7306209
3415104
2350089
4330561
24890121
38416
9174841
3182656
9511056
576081
15952036
6095961
9634816
119716
391876
8363664
166464
17665209
8328996
4910656
7772944
5522500
13883076
664225
96721
7420176
2209
10627600
2088025
14641
19140625
17205904
3873024
822649
1507984
10942864
6027025
369664
2082249
3572100
1868689
190096
504100
19980900
4549689
7219969
13786369
6451600
3568321
8702500
22610025
1056784
89401
23357889
3392964
370881
6533136
10497600
48841
16000000
11289600
896809
9903609
2819041
3437316
527076
1790244
435600
1779556
7728400
6497401
16418704
20866624
10614564
12397441
2890000
891136
4986289
17977600
17505856
33124
119716
44521
3356224
31684
11587216
5953600
16687225
2699449
16096144
9517225
4
24591681
6671889
9193024
3283344
10949481
19088161
14615329
988036
4613904
1879641
1951609
2941225
960400
24176889
22724289
3697929
12257001
128164
6041764
1156
494209
16160400
3478225
4986289
5870929
430336
1734489
16524225
21790224
567009
174724
21399876
11128896
11895601
7778521
8976016
7935489
2595321
116281
1731856
18774889
3017169
19210689
97344
9030025
17214201
12859396
2265025
736164
1087849
8352100
2433600
3844
1223236
20736
6170256
3101121
7912969
8410000
2039184
12709225
11002489
5784025
10575504
9715689
2387025
6754801
5221225
20313049
18412681
12960000
14737921
1054729
18783556
17222500
146689
23367556
16703569
10491121
477481
16641
1272384
12981609
2377764
4986289
14032516
142129
15952036
8468100
10732176
3143529
7991929
8667136
280900
1162084
5817744
4301476
841
22052416
2499561
18653761
21603904
3136441
2883204
110889
848241
4326400
27889
49
101761
4879681
2214144
7828804
657721
19193161
1912689
826281
22638564
2985984
14577124
19228225
12250000
2702736
13549761
16232841
16597476
1192464
6027025
16826404
620944
16281225
22771984
3193369
648025
2157961
4490161
9467929
24019801
5221225
19678096
2468041
20196036
5175625
19079424
2742336
2739025
562500
6574096
1993744
6135529
1909924
4618201
5424241
19158129
687241
7338681
11902500
3686400
26569
15233409
16475481
301401
729
4826809
1833316
8105409
18627856
611524
7546009
8714304
47089
18636489
14417209
6205081
1369
205209
17189316
4571044
19079424
3644281
935089
561001
16459249
10857025
2184484
23863225
1006009
24275329
9966649
6340324
33124
12723489
9400356
43264
583696
594441
9326916
2047761
2411809
4635409
19201924
9740641
2157961
20529961
3857296
8162449
24830289
6056521
24950025
492804
19088161
923521
7856809
22829284
368449
18318400
21734244
8767521
311364
17388900
228484
546121
7491169
12559936
5280804
23541904
18610596
123904
1643524
4919524
14868736
439569
114921
2808976
37249
5299204
20548089
2331729
22676644
772641
4968441
232324
10182481
961
67081
14417209
438244
1620529
3087049
1485961
195364
12866569
3833764
20520900
12124324
368449
19193161
17197609
5336100
438244
1863225
1357225
7166329
2900209
8071281
17816841
126736
5631129
4410000
2157961
21187609
462400
10903204
7800849
4251844
12680721
2524921
7414729
1404225
22061809
15531481
8868484
21483225
5062500
14899600
9709456
8162449
10497600
5121169
27556
64516
13155129
7198489
18335524
2825761
273529
23561316
11478544
18037009
3814209
1459264
14814801
6927424
20331081
8958049
22024249
19545241
20985561
5832225
366025
395641
7333264
24354225
2611456
24571849
14394436
22382361
7912969
11458225
11189025
18757561
24900100
11042329
4052169
18241441
9
15108769
17015625
22486564
9815689
5900041
900601
11108889
3721
209764
1755625
1221025
1512900
5094049
23736384
10156969
17952169
6651241
9740641
725904
6426225
3663396
339889
2890000
88804
15421329
5673924
2689600
5062500
19307236
828100
12988816
10758400
1920996
22071204
7639696
14554225
417316
5992704
15015625
6027025
14227984
1771561
13579225
5664400
1444804
3500641
2611456
14288400
1803649
6091024
7112889
21233664
19377604
19061956
1580049
21902400
3052009
8386816
10764961
6210064
14485636
3553225
4507129
2380849
2502724
23872996
127449
12809241
13579225
339889
1069156
6031936
3663396
1144900
1408969
9703225
18421264
7851204
10543009
3944196
72361
833569
2537649
1044484
2656900
8116801
492804
11397376
555025
15856324
4923961
813604
4919524
18844281
5973136
22801
334084
17247409
13912900
18164644
22420225
1243225
9418761
9000000
12503296
18105025
6086089
7991929
4227136
508369
1354896
13520329
8862529
7595536
22071204
21215236
364816
3066001
8886361
7290000
537289
39601
24532209
8702500
793881
14055001
9616201
2155024
8415801
10125124
4330561
6943225
419904
22201
403225
17497489
570025
9616201
11296321
17322244
27225
20466576
17556100
9865881
5193841
15116544
7540516
17926756
3960100
4318084
10797796
7409284
13162384
10484644
4096576
20412324
3944196
2178576
5461569
23872996
21687649
19509889
15000129
2742336
840889
737881
702244
2792241
96721
17623204
4769856
225625
5329
1887876
24671089
13712209
2601769
7354944
8620096
12974404
1301881
6620329
1752976
22733824
4678569
22080601
405769
250000
1378276
8838729
3020644
4761124
13995081
372100
14722569
1018081
7952400
1052676
16248961
9796900
49729
1473796
12988816
2712609
6692569
24226084
121801
17631601
6932689
21492496
17247409
14235529
4879681
3341584
23931664
19105641
2328676
278784
1493284
16410601
23541904
8755681
1517824
24443136
24206400
2016400
906304
7502121
5978025
24820324
753424
16152361
6487209
677329
442225
17956
553536
1026169
467856
22353984
419904
1411344
23541904
17707264
9090225
22496049
24304900
20611600
2630884
1327104
24423364
2169729
16892100
1375929
7661824
16240900
6718464
13830961
9734400
1926544
2704
15904144
164836
6754801
1350244
5866084
16679056
3632836
11792356
1252161
2666689
188356
5322249
2205225
986049
2798929
6651241
851929
6579225
17648401
11737476
6280036
4100625
6426225
961
22972849
8503056
6874884
23648769
1073296
131044
1605289
1890625
588289
47089
6431296
10169721
18490000
628849
8844676
3132900
5885476
22648081
183184
68644
565504
4414201
8065600
2802276
21762225
11505664
9801
12404484
173889
15880225
12616704
2436721
10582009
6380676
7700625
409600
8334769
16329681
11329956
25
18122049
811801
20657025
24088464
9278116
6345361
9180900
221841
13169641
11950849
4343056
19184400
3644281
1625625
5784025
8555625
21780889
14861025
2093809
2059225
17572864
24980004
18896409
5973136
15015625
4498641
19669225
3101121
6320196
17239104
9721924
9746884
1971216
7086244
9180900
19793601
2347024
1121481
1615441
25921
751689
11249316
795664
7706176
962361
10870209
490000
3996001
4626801
12236004
22896225
1800964
12222016
17065161
18769
5616900
6775609
851929
233289
13456
5476
12960000
21068100
2184484
1590121
6859161
857476
17181025
841
12595401
18533025
801025
3617604
38416
484
17926756
23464336
4301476
1517824
3980025
326041
1032256
21977344
16532356
2244004
1385329
7772944
205209
11909401
21362884
3686400
12425625
10374841
2277081
1833316
693889
229441
13184161
24770529
257049
4748041
400689
7584516
187489
687241
17032129
21771556
451584
1440000
5062500
16144324
3136441
21316689
3364
4787344
6086089
6687396
1760929
8520561
1073296
898704
23406244
831744
17372224
7284601
5130225
1830609
10093329
5053504
1766241
1296
605284
3849444
17147881
1464100
17156164
10673289
4963984
1357225
19954089
20043529
2356225
6702921
198025
8667136
22810176
8473921
279841
1216609
4756761
2446096
4202500
4076361
14653584
6604900
1142761
5973136
75076
18020025
22005481
2566404
399424
219961
24157225
22771984
9180900
166464
9235521
66049
8555625
14876449
1177225
19882681
2088025
2340900
5769604
6615184
627264
18335524
13498276
8838729
714025
4309776
1803649
1048576
994009
5812921
12027024
1612900
2739025
9972964
17833729
13242321
24780484
240100
11628100
9048064
804609
7840000
10653696
14600041
9048064
491401
21446161
19820304
12830724
4129024
4096576
19123129
7102225
4198401
5499025
12320100
226576
13593969
783225
2166784
1203409
18939904
16752649
16842816
6300100
21790224
7518564
14737921
24649
6265009
3407716
5784025
91809
2137444
6646084
10956100
4674244
4875264
16924996
552049
350464
6195121
13225
10601536
790321
14531344
9715689
1863225
6240004
16016004
17539344
24472809
11242609
21464689
161604
4901796
18490000
20205025
1108809
19855936
3988009
8398404
10316944
13329801
505521
622521
10975969
8248384
18913801
14273284
24661156
24403600
1602756
2053489
20675209
12292036
59536
7096896
23716900
16752649
9102289
16467364
152881
1874161
1764
627264
24354225
18844281
2683044
974169
21904
13213225
55696
11282881
13227769
896809
250000
3798601
28900
23503104
4318084
2214144
22915369
22043025
8526400
18774889
10246401
20385225
11209104
9424900
24591681
1860496
12103441
2896804
16687225
12390400
14784025
16152361
8179600
233289
1841449
19000881
16949689
8667136
7387524
16851025
15132100
10349089
5788836
169744
9388096
20097289
10569001
17656804
17455684
1368900
12489156
5654884
4145296
3541924
3236401
11195716
21132409
77284
2209
13549761
22201
15147664
7284601
19018321
19131876
165649
13830961
23444964
11229201
7772944
88804
12902464
1008016
7306209
16024009
175561
4778596
12996025
21344400
7371225
22791076
20304036
8464
9991921
7502121
10510564
8173881
5452225
23726641
8439025
1032256
400
3225616
4356
19184400
6355441
223729
19802500
13793796
14615329
5008644
16096144
5827396
21095649
2937796
7667361
1860496
63001
1885129
966289
8791225
6245001
3385600
19430464
4044121
20958084
16016004
23707161
3659569
14992384
17023876
18318400
15139881
5166529
18879025
21362884
22982436
1366561
179776
12299049
1803649
7080921
14976900
11881
12996025
341056
8277129
24681024
4778596
361201
5303809
2259009
19811401
17156164
5116644
7918596
13838400
1595169
7193124
399424
18225
3265249
1595169
142129
16646400
3837681
24990001
50625
9784384
178084
6889
19980900
19660356
15626209
864900
19272100
788544
14485636
18992164
19580625
576081
2755600
859329
2436721
641601
20620681
19131876
760384
644809
4227136
8151025
877969
45796
16949689
7107556
416025
1157776
7096896
755161
308025
19686969
5308416
1893376
49284
1577536
5317636
21261321
12215025
6066369
15745024
8520561
10374841
3916441
39204
22867524
17073424
22448644
257049
9
291600
15319396
8168164
8003241
17040384
3896676
244036
22771984
19368801
20331081
3972049
24552025
15563025
18455616
1771561
268324
3621409
24880144
16384
157609
6002500
200704
21780889
450241
5885476
23658496
3254416
8462281
21169201
13410244
8479744
2229049
6635776
4498641
18671041
2900209
198916
1359556
7986276
23493409
454276
1368900
1329409
940900
3301489
14707225
2211169
13830961
14607684
8797156
218089
1617984
11648569
17956
10850436
4800481
24970009
2099601
9801
902500
12100
19027044
5963364
7209225
2196324
9696996
546121
3717184
398161
24176889
9771876
1700416
1179396
18301284
13140625
8427409
19936225
12321
8838729
10797796
9461776
11833600
826281
8071281
24255625
17656804
961
1620529
422500
2193361
4937284
577600
4818025
1030225
11861136
13512976
230400
17497489
3822025
1232100
16801801
2050624
14175225
2359296
4251844
5707321
624100
2328676
14830201
13225
1352569
10751841
12630916
4293184
1252161
23328900
1620529
6255001
1214404
3697929
110889
21864976
7193124
6385729
4169764
6135529
6528025
6360484
9066121
20331081
13184161
11978521
5257849
5740816
1819801
18957316
1290496
4571044
772641
24870169
5071504
4165681
10660225
4652649
16908544
540225
3944196
3017169
21040569
19713600
13388281
24196561
16933225
7246864
14424804
1336336
2310400
1827904
13520329
779689
4892944
13395600
18861649
20286016
5793649
477481
14876449
12545764
17480761
1181569
23814400
2050624
20070400
20214016
24413481
24433249
2502724
3709476
2819041
1364224
7382089
2852721
5948721
3352561
535824
1527696
18826921
12988816
6692569
19070689
20124196
1322500
9156676
14653584
427716
3182656
758641
743044
2815684
2601
10896601
2424249
8031556
7728400
5784025
7695076
16597476
15888196
1106704
4431025
2268036
14197824
21025
15555136
3806401
769129
32041
1661521
692224
16949689
429025
100489
70756
1089
17172736
5157441
3297856
1865956
9815689
23474025
2005056
2053489
7584516
362404
318096
24964
22344529
21501769
245025
605284
9566649
4000000
806404
10484644
889249
17640000
217156
6115729
238144
1682209
8649481
6220036
2601769
10284849
6380676
4443664
3345241
481636
12068676
24611521
289444
1540081
7535025
10830681
3392964
21715600
23040000
8532241
421201
87025
13675204
13995081
5262436
896809
3912484
10478169
21316
5968249
4247721
3940225
8281
4
20061441
2900209
20793600
11262736
14523721
1926544
16394401
13220496
7295401
881721
1507984
198025
337561
19554084
11025
145161
5484964
4431025
455625
5716881
714025
8809024
11142244
17430625
6533136
23377225
2614689
938961
10061584
9363600
940900
7022500
22676644
279841
5555449
24245776
10679824
7606564
24117921
937024
13660416
1297321
7645225
394384
313600
17816841
1016064
8415801
1755625
2829124
84681
4704561
1004004
24800400
1803649
24098281
1361889
18593344
769129
18818244
5621641
10227204
11148921
12138256
13883076
483025
11614464
11195716
11916304
11009124
18601969
12243001
652864
4313929
17032129
1868689
1682209
2208196
383161
6869641
20430400
5116644
1304164
271441
12909649
6170256
3171961
22648081
9903609
7064964
200704
3493161
731025
14333796
124609
870489
693889
14137600
18301284
18352656
11758041
24423364
17098225
17952169
4076361
21279769
3822025
21780889
1205604
6625476
13249600
380689
1408969
22857961
6195121
22838841
13075456
18232900
792100
9703225
10751841
1787569
24830289
17081689
15129
112225
2007889
912025
198916
481636
2528100
15015625
3952144
4309776
19918369
128164
2849344
2007889
576
17123044
116964
225
1223236
2334784
1315609
12924025
7070281
1243225
8202496
12588304
17884441
1304164
23853456
17732521
2643876
1844164
20666116
9259849
5345344
1803649
7744
64516
2461761
4305625
5424241
1062961
14318656
136161
14440000
25600
736164
243049
30276
3853369
4084441
1745041
310249
1062961
5929225
22771984
20958084
9090225
5130225
19900521
4950625
59049
670761
9746884
10791225
20088324
19936225
22316176
1181569
1067089
9928801
11669056
11669056
3740356
18496
4906225
4380649
986049
7327849
13097161
8732025
1164241
1666681
23658496
4447881
5929
21483225
2842596
9554281
10575504
6245001
2778889
12208036
21799561
22934521
9796900
252004
366025
8139609
2524921
8934121
5546025
16
1971216
410881
2223081
24700900
7469289
14707225
7166329
7306209
3200521
11449
15944049
9024016
12730624
177241
15928081
2576025
12327121
5026564
16834609
31684
540225
15129
1737124
46656
390625
3694084
9412624
4897369
24108100
3150625
12730624
7107556
5832225
1988100
6943225
2247001
59536
2765569
17656804
4129024
9746884
20666116
1926544
2852721
24671089
142884
10843849
23319241
6859161
14047504
36
22137025
14976900
7155625
1617984
715716
21123216
18826921
9351364
736164
6076225
8862529
23765625
23804641
19236996
6295081
1898884
21427641
274576
3728761
9078169
13286025
2178576
19360000
110889
2079364
22819729
24770529
6880129
14040009
13868176
6906384
23068809
15570916
2739025
1153476
22953681
1562500
3111696
8116801
11964681
17884441
680625
11108889
16867449
2442969
4813636
3370896
1418481
7382089
14182756
17665209
7360369
58564
12974404
9272025
9211225
22372900
9126441
431649
23309584
9591409
21501769
21436900
4169764
1666681
494209
3356224
15147664
14584761
1065024
13712209
9284209
10297681
4141225
12285025
22762441
336400
116281
923521
10863616
209764
2298256
1016064
488601
2157961
163216
7396
6507601
22819729
4384836
5654884
8254129
9498724
4032064
1602756
524176
16499844
9591409
937024
8294400
231361
21808900
857476
13608721
9339136
613089
23145721
13220496
1261129
4507129
10778089
2496400
13235044
18412681
13184161
2128681
1094116
4624
16072081
4726276
4669921
1920996
1954404
2544025
11512449
7091569
5373124
14493249
4460544
10791225
2842596
6718464
18541636
6822544
6927424
5579044
11519236
5963364
5517801
753424
20830096
398161
14432401
20738916
1620529
14295961
1024144
5377761
14807104
400
20178064
5574321
7601049
792100
15642025
6260004
24049216
6885376
1710864
4060225
5112121
8958049
917764
2452356
3825936
12880921
77841
2893401
1060900
6901129
15366400
352836
10614564
7392961
2247001
20520900
8128201
6300100
10240000
2886601
15062161
16353936
168921
2679769
1651225
514089
17123044
1411344
11155600
3229209
20748025
3810304
22944100
262144
12376324
9591409
16818201
21904
1322500
2196324
7700625
4761
11744329
1065024
17131321
24255625
3659569
3960100
5924356
2146225
1600
1726596
258064
202500
18515809
3211264
1359556
11833600
18757561
734449
56169
15093225
7890481
1898884
561001
7171684
682276
23512801
7980625
3900625
7193124
3806401
4177936
1229881
18783556
6421156
1067089
1555009
20457529
12020089
7349521
20811844
1281424
20884900
1857769
188356
7360369
6390784
51076
4173849
22439169
3290596
5198400
6477025
10182481
9168784
2477476
16128256
17875984
562500
5489649
3644281
7295401
19236996
9102289
4137156
10699441
16402500
10758400
7806436
14961424
5484964
13741849
24990001
10647169
4900
3186225
950625
15594601
4040100
19096900
1369
14615329
2719201
6661561
11323225
1056784
256036
13927824
65025
1577536
1153476
12355225
15649936
3279721
8317456
5480281
6724
3736489
3892729
8265625
4631104
18610596
8602489
12264004
15437041
9012004
81796
24039409
10909809
5267025
18249984
11148921
1247689
5161984
5161984
20079361
10883401
7711729
10323369
24059025
147456
407044
11696400
477481
5997601
1697809
9193024
6400900
21040569
1838736
3083536
9548100
447561
21977344
2531281
21132409
16337764
3523129
725904
5494336
17397241
15129
4137156
2689600
5736025
18533025
6110784
4182025
11792356
4145296
3802500
28561
7150276
2961841
739600
14884
19140625
59049
16024009
97969
2553604
574564
11573604
13089924
3229209
24920064
20857489
702244
3489424
3132900
20548089
5716881
10523536
2455489
16240900
407044
4941729
8139609
16281225
430336
23902321
968256
4739329
15319396
16451136
19254544
16281225
11764900
21436900
19263321
14002564
6651241
21316
4592449
6492304
3771364
12152196
12013156
7728400
125316
55225
13424896
16777216
12103441
52900
9765625
219024
6017209
5424241
20268004
19891600
4915089
3374569
2676496
1276900
795664
1046529
2298256
452929
4016016
817216
586756
20994724
5764801
8456464
12124324
18861649
1943236
10883401
12068676
9603801
23872996
4566769
4813636
22240656
13830961
2788900
33489
1371241
15984004
1075369
396900
6589489
17850625
5134756
2304
2157961
21529600
8503056
4583881
2702736
29241
18139081
6640929
6615184
4691556
1119364
10666756
24117921
502681
9554281
19018321
352836
2493241
8444836
95481
88209
20930625
3396649
7946761
24255625
17901361
11895601
14768649
11943936
4268356
58564
24245776
2907025
9966649
11669056
11209104
11075584
7150276
5184729
5067001
1420864
11115556
266256
6022116
155236
13003236
10029889
974169
2359296
1149184
7006609
3359889
3996001
20160100
21631801
10725625
13838400
19811401
12033961
12439729
8225424
13764100
23059204
20912329
10361961
10355524
18249984
8398404
5031049
2396304
21904
22905796
1522756
439569
5017600
2647129
384400
3090564
15729156
4644025
8003241
8785296
114921
23299929
6017209
1800964
19829209
6375625
4596736
8532241
1104601
144
2660161
727609
876096
23512801
178084
42849
16793604
16128256
9653449
18020025
14455204
478864
1585081
5726449
13468900
10432900
17222500
6943225
3013696
3912484
3806401
4305625
9966649
19386409
22733824
6806881
10751841
3651921
280900
18748900
3694084
12334144
2353156
8162449
22202944
10936249
19501056
14508481
5391684
15007876
19404025
6125625
20839225
439569
23687689
10458756
15147664
135424
4932841
393129
13675204
17397241
16426809
3437316
24255625
14592400
662596
10265616
4338889
7263025
15093225
16032016
1454436
3132900
10323369
5148361
2039184
15840400
5900041
14055001
8139609
3359889
6635776
14205361
6225025
14394436
4008004
7496644
17322244
329476
22250089
8173881
1201216
14205361
1132096
5631129
15531481
10426441
331776
5640625
853776
659344
1898884
12117361
15468489
887364
4418404
129600
24216241
20520900
211600
17015625
1857769
9211225
8369449
43681
3345241
1555009
8684809
5484964
3312400
7091569
2408704
18215824
7745089
6838225
2689600
9455625
4818025
12723489
201601
19980900
19166884
10106041
18515809
10956100
222784
1971216
441
154449
870489
230400
755161
13300609
12355225
14152644
14868736
2873025
64
9947716
16289296
10106041
665856
344569
14424804
24502500
20729809
190969
9150625
9603801
16024009
23280625
6599761
22391824
9018009
3500641
19298449
12075625
10719076
19474569
47961
311364
23941449
1181569
17682025
22648081
1440000
19465744
2111209
6548481
6579225
3385600
4368100
22391824
14273284
786769
21911761
21921124
7160976
16459249
7728400
9180900
15069924
2890000
7628644
3549456
12744900
12292036
2924100
10208025
18241441
3717184
11025
17330569
9090225
436921
74529
320356
5184
9467929
9765625
15904144
1607824
45796
13830961
2025
1210000
11553201
1162084
14250625
14500864
14876449
9966649
7230721
3644281
842724
20903184
228484
600625
6937956
625
2025
20802721
16641
312481
15421329
622521
690561
20187049
4892944
15264649
15752961
1437601
30276
17489124
1610361
2464900
2666689
1038361
7006609
3097600
23290276
8156736
24167056
6320196
22695696
693889
11819844
2537649
8755681
1147041
2614689
9024016
3932289
9591409
12687844
828100
15093225
555025
3076516
5992704
21631801
521284
13293316
1385329
24039409
24147396
16793604
8334769
870489
3045025
21585316
4452100
906304
20802721
21381376
511225
3045025
19474569
5322249
22127616
233289
76176
16475481
6076225
11370384
6864400
22335076
13024881
11316496
2187441
1115136
19070689
4840000
1110916
3591025
11930116
5377761
984064
1798281
21187609
16711744
972196
2934369
1521
3606201
1784896
4431025
13271449
4410000
583696
22071204
6666724
1079521
14107536
1954404
19448100
1893376
1263376
19096900
1190281
15634116
181476
3272481
6280036
8014561
3025
919681
22201
1096209
13329801
1218816
2208196
978121
7929856
2325625
8334769
253009
24810361
8300161
6770404
553536
6651241
2356225
3175524
1779556
8596624
6471936
16491721
165649
3659569
2262016
19018321
13616100
21752896
3481956
8248384
22268961
17438976
9126441
585225
17464041
226576
12974404
27889
10830681
2184484
19404025
21025
2128681
13227769
7540516
4848804
6589489
399424
112896
15217801
24157225
8288641
18601969
103684
1306449
4700224
1069156
1404225
3356224
18071001
16451136
2402500
11737476
11751184
13439556
15649936
15233409
5139289
224676
4809249
14025025
1512900
13608721
41209
23687689
7761796
14107536
5919489
11675889
16736281
7209225
11102224
11029041
11222500
13344409
19927296
267289
1077444
419904
5513104
82944
22118209
15186609
4225
9803161
15319396
16168441
4133089
1394761
20196036
334084
24255625
524176
381924
2187441
348100
11587216
54756
19131876
3312400
18705625
4239481
2259009
6996025
166464
2271049
11971600
5180176
6471936
210681
21381376
8014561
2292196
23736384
8386816
21566736
14333796
3671056
9168784
1737124
7623121
24571849
1542564
12138256
330625
7398400
180625
108900
8720209
1324801
4618201
13169641
20802721
16
6895876
24681024
2280100
1177225
12924025
16434916
2383936
20884900
10471696
19439281
19731364
1279161
16418704
20967241
19342404
11771761
5053504
4661281
22467600
12173121
3976036
2775556
6553600
14220441
3980025
3474496
24216241
245025
243049
20079361
248004
19980900
640000
11289600
306916
19307236
5822569
11895601
15713296
4000000
8162449
22629049
9803161
10627600
471969
15054400
9259849
8608356
1077444
17089956
7695076
19219456
638401
110889
9947716
17181025
4822416
19589476
21520321
16321600
66564
2217121
12313081
1117249
23503104
172225
3247204
13046544
46225
585225
373321
19571776
3508129
8649
7198489
6548481
15784729
4313929
3400336
1855044
1464100
21316689
555025
11289600
24492601
62500
6270016
12229009
1054729
12215025
15116544
1648656
1782225
5745609
13630864
1397124
17330569
244036
1311025
19158129
6812100
3080025
14440000
20097289
3415104
8037225
11512449
4717584
1595169
2524921
12482089
14630625
1452025
396900
4769856
6280036
4977361
1081600
5541316
10614564
784996
1540081
20620681
4928400
24890121
10452289
22591009
253009
6084
804609
23814400
7219969
16024009
961
12397441
4848804
17783089
10666756
19123129
3356224
23561316
18130564
430336
1119364
23882769
8059921
24157225
4481689
52900
5143824
2979076
1243225
23629321
1605289
21958596
1442401
724201
19695844
2903616
861184
2842596
8614225
24661156
474721
18636489
12159169
17994564
23872996
3069504
13068225
2948089
2576025
8248384
5626384
16112196
16892100
2439844
78961
1503076
3211264
6492304
8714304
18130564
14137600
324900
87616
24611521
7683984
22401289
9096256
13682601
7678441
902500
256
23145721
2617924
12264004
16418704
2259009
64009
7107556
10361961
10297681
3568321
3771364
4941729
5522500
12278016
6265009
12787776
2712609
1965604
8288641
5089536
2292196
23040000
6507601
7986276
6610041
5216656
707281
6869641
1976836
9872164
15904144
1478656
1234321
6200100
71289
6832996
16760836
18361225
4769856
5303809
6375625
17023876
769129
23765625
6911641
22382361
23059204
18275625
6170256
16257024
2340900
15976009
14676561
16654561
10074276
7579009
7376656
133956
2975625
16982641
12299049
506944
2849344
21325924
10246401
3818116
12837889
13300609
6708100
586756
900601
13225
23921881
10093329
24890121
14984641
18139081
22944100
9891025
3034564
14600041
1054729
4372281
16024009
2128681
69696
3080025
276676
3928324
23338561
996004
238144
3587236
7209225
2122849
2093809
980100
1934881
8649
12816400
4652649
5726449
13645636
4190209
323761
1156
842724
23299929
23261329
171396
8526400
24950025
7795264
1855044
121801
362404
8868484
11937025
1270129
24591681
10791225
12082576
3232804
31684
1345600
10595025
2637376
4622500
21576025
2944656
4330561
9941409
211600
599076
2408704
1056784
4661281
14600041
4866436
11108889
343396
2184484
11068929
11410884
8059921
13505625
15832441
665856
12117361
2125764
599076
3115225
24334489
15397776
10850436
5978025
4743684
24186724
894916
10074276
8910225
9156676
7177041
11868025
22801
17892900
678976
5331481
9302500
19201924
410881
13213225
737881
101761
11316496
2401
119025
13653025
748225
14630625
23104
8940100
3767481
2062096
3659569
54756
15054400
195364
2259009
23280625
24681024
705600
17656804
7001316
404496
18939904
10413529
2128681
2755600
1628176
4804864
13337104
1592644
9302500
15760900
21399876
9603801
443556
11022400
99225
20160100
23261329
21678336
7739524
1582564
2461761
9096256
2220100
11303044
20412324
1726596
21911761
127449
266256
5410276
984064
1485961
304704
14462809
17901361
10106041
988036
8305924
19722481
156816
10265616
16532356
23483716
14969161
13965169
2286144
22193521
12666481
1361889
6210064
23193856
16703569
3455881
7059649
5997601
1896129
15768841
4532641
9517225
702244
651249
184041
11614464
7344100
339889
6959044
790321
8573184
270400
2825761
21855625
13860729
4401604
20430400
15547249
695556
1062961
25
19289664
4831204
14814801
312481
6948496
499849
10342656
7056
11799225
12517444
12709225
8248384
528529
522729
21641104
17089956
11778624
54756
3139984
451584
9991921
13271449
13719616
17539344
13816089
641601
13741849
16088121
8916196
1188100
16128256
13905441
21520321
17774656
18386944
5171076
1623076
14861025
13764100
1125721
14017536
5171076
15460624
19980900
18905104
12837889
24552025
17065161
28224
2979076
1334025
21902400
2958400
23600164
14953689
190096
4044121
15413476
19775809
24960016
225
23174596
13875625
1010025
16232841
19044496
10745284
91204
20884900
11148921
1855044
10975969
3857296
2706025
17089956
1718721
2493241
16711744
195364
3048516
4691556
2547216
7717284
15093225
7868025
2702736
452929
23184225
3690241
14161
23145721
10804369
24324624
23882769
18412681
97344
18062500
15374241
3861225
14584761
5103081
11068929
12131289
17833729
1750329
6843456
3553225
8421604
9333025
13527684
998001
48400
74529
14258176
208849
19624900
3139984
1274641
18011536
13630864
6754801
164836
3916441
15069924
85264
6869641
17581249
797449
2374681
1338649
1129969
23104
697225
20657025
527076
12320100
12334144
6812100
1990921
2455489
1658944
14145121
3189796
8479744
15124321
12916836
5480281
435600
22297284
8625969
494209
13483584
11168964
16265089
6517809
24860196
2735716
3045025
4972900
20666116
18096516
10843849
22061809
2073600
17547721
178084
24492601
7295401
19219456
7349521
18207289
450241
2166784
5779216
24344356
129600
996004
5175625
5621641
4289041
2442969
9443329
552049
24049216
11957764
10857025
1540081
2140369
1937664
23261329
1016064
3988009
9703225
4231249
11806096
13359025
14668900
22439169
1836025
10323369
5987809
385641
55225
72900
19158129
28561
3924361
139876
14402025
18931201
5973136
127449
14258176
20593444
2598544
12852225
8025889
8139609
2209
331776
7155625
5788836
6615184
4583881
19909444
5564881
632025
10837264
11881809
12264004
8156736
5044516
224676
9554281
6325225
23522500
10621081
20214016
49729
4214809
39204
16152361
5803281
105625
12645136
138384
15280281
7507600
10394176
15642025
21780889
5062500
1852321
12888100
550564
4726276
5294601
8346321
3301489
558009
1932100
21836929
8952064
3470769
16933225
3455881
9394225
13875625
1833316
10804369
603729
8427409
13373649
20584369
10419984
12709225
24088464
4562496
1700416
20106256
5968249
5396329
9517225
24025
831744
32041
5419584
10316944
9406489
17181025
15673681
652864
28561
10903204
16176484
18344089
25600
4351396
9042049
8208225
2975625
18225
589824
145161
1046529
120409
15563025
5207524
6160324
2563201
9715689
1628176
15389929
6522916
2044900
1406596
7463824
14122564
19342404
636804
18096516
22165264
8743849
599076
9054081
3912484
3136
20439441
16516096
19483396
5688225
620944
810000
20286016
1364224
10719076
23522500
2146225
3636649
13571856
19509889
576
24591681
22005481
15437041
1929321
767376
2755600
2244004
2640625
14508481
564001
1774224
3115225
2322576
480249
8836
8590761
2449225
17280649
13660416
15594601
24443136
896809
23088025
6071296
17808400
21659716
15429184
1267876
21986721
22052416
6255001
21603904
19236996
2042041
5702544
68121
19713600
15093225
3556996
21160000
974169
20875761
1860496
14915044
2601769
2125764
9884736
10093329
3865156
3381921
12096484
3648100
7756225
10771524
525625
4016016
18378369
1008016
20079361
107584
488601
11115556
1760929
7056
22676644
13793796
118336
306916
15602500
12823561
23409
1658944
9922500
8231161
22201
1240996
459684
10837264
18412681
6985449
2196324
16974400
817216
18198756
14085009
2650384
6869641
19280881
6922161
11923209
22259524
11082241
3189796
1089936
11641744
8410000
22629049
11664
11923209
3364
13601344
24571849
1809025
10169721
7980625
8094025
18515809
23561316
6190144
24453025
6235009
15752961
16516096
22581504
10458756
17372224
7463824
4866436
12659364
131044
434281
10732176
1849
5973136
18653761
23097636
117649
183184
24137569
21609
3374569
24532209
10816
10125124
9865881
18318400
5654884
14402025
17089956
23677956
13980121
8892324
14699556
17255716
16687225
11696400
21836929
3297856
390625
10439361
4743684
1646089
8168164
12759184
6241
12446784
11404129
3143529
94249
21548164
10705984
4596736
894916
22344529
2812329
16695396
128164
16434916
17918289
710649
73441
8826841
14622976
16851025
12089529
18156121
6370576
9916201
1157776
20250000
7458361
21206025
4558225
345744
10086976
12709225
16941456
8439025
113569
19554084
15194404
24601600
8508889
23454649
21958596
21095649
78400
1936
24990001
20358144
784996
72361
14707225
1127844
19123129
13417569
103684
10549504
10004569
1951609
16810000
799236
5541316
6687396
8025889
279841
1322500
10890000
22896225
8054244
7409284
13557124
7828804
3960100
23775376
6165289
2505889
24336
6380676
8602489
1038361
22695696
10246401
23551609
680625
15413476
23687689
6240004
12425625
9180900
15163236
15808576
15389929
1555009
2436721
9653449
9784384
7344100
1979649
18181696
300304
230400
18472804
11189025
6095961
17413929
683929
162409
462400
22137025
11122225
9308601
672400
8340544
8427409
8976016
3286969
16990884
243049
2852721
4626801
544644
442225
5880625
11135569
4950625
281961
2143296
24354225
3751969
4322241
232324
5837056
1893376
31684
23863225
3613801
5550736
82369
6656400
11641744
24740676
396900
17901361
8185321
23863225
4955076
1050625
16048036
7387524
7360369
6290064
11943936
11404129
24324624
3211264
362404
213444
21224449
3564544
14070001
9223369
13845841
1359556
19474569
15194404
5769604
1723969
1570009
16329681
59536
21762225
16112196
4955076
61009
10407076
4452100
6115729
18062500
6086089
36100
3849444
1758276
24970009
2859481
1580049
9859600
13278736
9424900
16793604
281961
3312400
4558225
363609
18818244
8404201
20250000
3024121
17732521
4426816
4541161
649636
9734400
6230016
9186961
11336689
519841
2226064
4800481
1747684
15665764
5664400
21492496
2673225
13905441
1758276
8357881
10368400
24690961
5349969
5373124
3426201
17073424
646416
14478025
23242041
13704804
21678336
8479744
18181696
3094081
1764
4761
1515361
6441444
9610000
900601
21252100
889249
9853321
868624
1570009
3496900
321489
8334769
357604
10523536
605284
28900
20830096
9548100
6185169
7650756
12766329
10824100
2464900
11519236
11175649
1500625
7059649
6791236
18792225
7279204
7150276
319225
2518569
4515625
8208225
1432809
9412624
1006009
12110400
18662400
8254129
158404
4866436
23251684
13256881
18792225
24910081
10265616
14258176
14661241
938961
13697401
12040900
6441444
11874916
3283344
12996
1214404
591361
19784704
14432401
22992025
1863225
3020644
3682561
337561
18369796
1790244
2509056
7645225
4036081
652864
9998244
321489
395641
9947716
24019801
3888784
1841449
841
640000
13520329
13905441
386884
1473796
4726276
5919489
7177041
10725625
20738916
12096484
11730625
18905104
1425636
26244
6853924
3150625
638401
94864
11276164
12694969
5363856
17347225
9461776
8305924
1311025
1510441
17098225
9709456
15499969
17330569
71824
6827769
18003049
5022081
31684
2005056
21836929
8156736
1085764
334084
7214596
19945156
24255625
15046641
960400
15171025
426409
3161284
17656804
16080100
2866249
2301289
20484676
1254400
564001
450241
13697401
23863225
19044
6953769
159201
3087049
2566404
21538881
15976009
9803161
5798464
484
5470921
11895601
358801
576
8491396
3519376
15225604
60025
592900
20748025
11390625
24710841
24167056
4489
8059921
19731364
6441444
12880921
2143296
1532644
23280625
8720209
51529
2480625
1127844
10112400
1476225
3364
1716100
13118884
2047761
13307904
11710084
11437924
529
7225344
66049
15405625
8596624
5654884
23338561
1705636
13690000
22524516
7420176
2365444
290521
68644
2187441
11249316
2247001
7049025
1708249
9467929
17892900
13838400
1577536
3225616
14265729
6584356
3132900
2433600
6579225
36481
24413481
6697744
8282884
2399401
2286144
4674244
15413476
7257636
12020089
15816529
5948721
1418481
3481956
18748900
2108304
22052416
7198489
18507204
5527201
116281
5659641
8596624
169744
13205956
1164241
17547721
6507601
17640000
4410000
13456
552049
4161600
7306209
24720784
12873744
17757796
4549689
14938225
3636649
3810304
8071281
485809
9872164
22146436
1898884
893025
19377604
170569
2553604
9634816
4431025
15808576
1071225
6335289
6812100
12006225
9345249
25600
7102225
24336
2647129
11607649
4818025
18740241
11410884
4553956
23951236
261121
996004
9935104
6061444
36100
40401
3822025
23961025
2490084
18071001
419904
3960100
719104
10609
199809
23270976
6195121
8779369
14326225
910116
5621641
87616
13089924
6380676
3697929
11397376
1149184
6775609
3073009
10272025
6235009
13068225
306916
419904
5895184
552049
719104
19201924
3956121
14273284
24840256
15912121
4490161
692224
16736281
6579225
4028049
2496400
3530641
4592449
6416089
18054001
5943844
6260004
3147076
506944
769129
8094025
10989225
6911641
5764801
4678569
6739216
8726116
7896100
529
2304
100
573049
4149369
14341369
547600
5650129
5094049
2468041
2152089
23251684
24295041
19342404
9314704
4289041
3724900
5294601
741321
613089
181476
2471184
2752281
21372129
1532644
409600
4092529
22581504
10465225
1766241
15319396
21242881
1893376
15389929
133225
22695696
16491721
1221025
12194064
1734489
16216729
24591681
6200100
15649936
18974736
293764
1052676
6959044
8076964
3556996
22771984
21335161
23136100
7745089
17986081
5755201
22791076
6843456
4626801
9048064
15555136
1132096
15745024
2792241
1790244
18774889
7767369
158404
190969
1633284
9400356
664225
6697744
309136
22752900
10863616
5997601
4613904
870489
84100
148225
4227136
1587600
2390116
23406244
251001
15563025
21261321
9709456
5987809
15760900
11634921
23639044
8631844
2053489
6507601
5152900
17799961
18490000
16467364
3418801
5593225
23736384
19678096
18249984
988036
16670889
2958400
9865881
225
11296321
12425625
11716929
21353641
5041
10627600
2169729
134689
8242641
21049744
17347225
10188864
18922500
16208676
1274641
611524
2483776
22562500
1830609
765625
14493249
20729809
21077281
961
115600
14922769
1048576
19562929
3740356
266256
622521
87025
16321600
17732521
24157225
16892100
6105841
1923769
685584
2866249
5410276
24920064
23853456
9162729
136161
5593225
25600
3779136
4468996
2286144
17388900
5166529
5837056
12769
5303809
7595536
106929
21883684
12460900
5107600
37249
18645124
6522916
341056
23824161
14592400
1094116
13712209
42436
3508129
156025
15077689
3478225
2656900
3644281
4986289
15952036
4280761
279841
6051600
24324624
1102500
22391824
13690000
1350244
11464996
7879249
2214144
19492225
1784896
14047504
21224449
4020025
7038409
36100
3553225
2169729
1525225
3759721
9180900
19891600
5442889
3659569
1752976
99225
29929
24088464
18558864
5022081
3196944
3122289
12425625
8054244
8122500
4946176
123201
1525225
900
10182481
421201
7382089
10824100
2582449
22287841
887364
9916201
8749764
14182756
540225
23970816
3225616
37636
12823561
3600
8231161
15171025
53824
7711729
20738916
14630625
20830096
7144929
13697401
14085009
272484
853776
207936
9665881
5313025
13293316
11881
441
10804369
2944656
1194649
336400
23658496
161604
18887716
357604
88804
6215049
4596736
52900
6512704
144
226576
17098225
7772944
841
8755681
13719616
16426809
2752281
14500864
859329
15476356
18173169
16281225
6708100
18147600
245025
