100
1100 200
1101 257
1178 324
1104 372
1098 431
1120 499
1066 543
1029 590
1021 651
995 705
935 734
930 804
861 821
874 917
777 897
746 952
731 1037
651 1020
616 1084
543 1067
499 1122
445 1153
382 1154
317 1123
258 1114
200 1132
141 1144
84 1117
16 1165
-31 1098
-93 1102
-136 1050
-220 1093
-247 1013
-324 1025
-386 1007
-405 931
-476 920
-516 872
-495 775
-539 737
-572 690
-632 658
-616 584
-692 553
-656 478
-746 443
-748 381
-769 322
-768 261
-755 200
-718 142
-760 79
-742 20
-764 -47
-717 -98
-729 -168
-636 -193
-647 -266
-584 -298
-535 -334
-553 -423
-492 -450
-476 -520
-406 -532
-363 -574
-333 -640
-266 -648
-197 -644
-131 -637
-100 -723
-48 -767
17 -760
78 -766
142 -717
200 -714
262 -789
323 -770
380 -741
445 -755
499 -721
542 -663
587 -622
663 -643
697 -584
780 -598
784 -506
835 -476
895 -453
967 -435
942 -339
973 -290
1011 -246
1030 -190
1090 -152
1103 -93
1099 -31
1099 29
1152 80
1171 139
