100
270 20
272 36
335 60
281 70
282 87
308 114
276 121
257 132
264 154
260 172
227 170
241 203
206 195
237 251
182 216
180 241
193 293
154 264
152 301
122 277
114 310
99 327
78 322
54 292
37 282
20 296
2 306
-14 287
-39 330
-48 283
-69 294
-76 263
-116 309
-111 258
-147 283
-173 285
-164 243
-200 254
-210 236
-173 180
-191 173
-200 160
-234 160
-207 127
-256 129
-218 97
-281 97
-277 77
-289 59
-285 39
-274 20
-245 3
-282 -18
-272 -36
-296 -61
-266 -73
-286 -101
-223 -95
-246 -126
-211 -126
-187 -130
-220 -178
-191 -178
-199 -213
-165 -203
-153 -219
-155 -255
-126 -246
-98 -231
-72 -212
-75 -271
-62 -299
-38 -285
-19 -287
3 -244
20 -241
40 -302
59 -290
76 -272
99 -289
114 -270
120 -234
129 -213
165 -243
166 -210
208 -239
187 -182
206 -178
234 -181
271 -188
233 -135
241 -120
257 -111
259 -92
295 -89
295 -69
283 -48
277 -29
316 -17
328 1
