200
520 20
522 36
587 56
534 69
537 85
566 107
536 118
520 132
532 152
533 169
501 176
525 202
490 206
540 245
476 235
486 257
522 296
475 289
494 321
455 316
469 346
468 368
449 375
413 367
394 371
392 392
388 411
363 409
381 456
340 432
336 455
307 443
325 500
286 469
290 512
282 535
249 508
247 544
228 546
190 491
178 506
163 511
154 543
129 509
122 557
98 514
90 577
72 570
55 580
37 576
20 564
4 536
-15 573
-31 565
-52 591
-66 564
-88 589
-93 527
-118 557
-126 522
-136 501
-170 548
-178 521
-206 543
-210 509
-227 506
-257 525
-262 497
-262 465
-261 434
-307 470
-335 477
-338 452
-350 439
-333 395
-341 381
-398 412
-402 392
-401 369
-430 369
-429 346
-413 314
-408 292
-453 300
-437 271
-488 279
-443 238
-458 227
-485 220
-522 215
-468 179
-472 163
-485 150
-482 132
-516 122
-512 104
-498 85
-490 68
-527 54
-539 38
-539 20
-486 4
-485 -12
-482 -27
-484 -44
-536 -68
-534 -86
-497 -96
-511 -116
-493 -129
-512 -153
-487 -163
-470 -174
-499 -204
-491 -221
-435 -212
-424 -224
-415 -237
-406 -250
-406 -269
-427 -305
-389 -297
-400 -327
-370 -324
-366 -342
-380 -380
-339 -363
-327 -374
-332 -405
-320 -419
-316 -443
-275 -414
-268 -434
-246 -430
-250 -472
-234 -478
-212 -472
-201 -491
-176 -475
-164 -491
-149 -500
-139 -527
-118 -516
-91 -476
-81 -507
-63 -505
-44 -485
-27 -482
-14 -522
3 -533
20 -486
38 -553
56 -546
72 -532
92 -549
102 -496
124 -526
142 -525
154 -502
174 -511
178 -467
195 -467
232 -515
230 -465
237 -441
282 -495
272 -439
277 -414
292 -409
340 -451
340 -420
360 -419
344 -371
386 -395
363 -345
391 -351
437 -372
427 -338
425 -315
443 -308
483 -316
456 -276
466 -263
484 -254
463 -223
526 -238
527 -218
492 -184
553 -191
527 -163
505 -138
568 -139
535 -112
524 -93
574 -86
559 -65
524 -44
567 -32
593 -16
563 3
