300
1108 200
1151 220
1175 241
1192 262
1135 278
1160 301
1177 323
1143 339
1152 361
1088 369
1144 401
1099 411
1163 447
1160 468
1110 475
1056 478
1064 501
1103 536
1102 557
1059 561
1063 584
1084 616
1045 619
1053 646
995 637
993 658
1001 685
1021 721
999 731
942 716
977 765
966 782
948 793
944 816
918 819
922 850
922 878
878 864
849 862
846 888
849 921
831 931
823 954
803 961
789 976
783 1003
747 987
745 1020
708 1000
717 1054
656 989
667 1050
631 1024
603 1012
585 1018
575 1041
576 1093
538 1054
535 1100
520 1119
486 1080
463 1072
463 1141
441 1140
416 1120
399 1134
378 1135
358 1137
339 1139
320 1153
300 1149
281 1166
262 1182
240 1163
219 1105
200 1194
181 1121
162 1115
139 1169
123 1113
96 1192
83 1129
57 1167
34 1180
24 1124
4 1124
-25 1160
-27 1084
-50 1095
-80 1128
-80 1063
-99 1058
-134 1097
-134 1042
-162 1061
-174 1040
-194 1037
-238 1083
-228 1019
-254 1026
-287 1044
-299 1024
-312 1007
-306 962
-327 959
-340 943
-374 957
-386 939
-431 963
-437 938
-413 881
-458 901
-491 906
-472 858
-512 869
-531 858
-526 827
-519 795
-575 814
-577 789
-576 764
-588 748
-573 714
-619 720
-570 666
-624 676
-627 655
-602 619
-651 622
-676 612
-708 604
-671 566
-653 538
-671 524
-739 527
-674 484
-725 479
-709 454
-732 439
-676 406
-745 401
-726 377
-726 357
-779 345
-745 319
-710 296
-712 277
-791 262
-747 240
-727 219
-784 200
-795 179
-785 159
-772 139
-716 123
-771 98
-724 83
-768 57
-725 44
-706 27
-761 -4
-724 -17
-758 -46
-689 -48
-666 -62
-701 -93
-742 -128
-708 -138
-676 -147
-668 -165
-652 -179
-678 -213
-669 -231
-646 -242
-595 -237
-641 -286
-599 -284
-562 -284
-623 -347
-583 -344
-573 -361
-594 -403
-513 -365
-504 -383
-556 -453
-528 -456
-472 -431
-494 -479
-473 -487
-470 -514
-447 -519
-431 -531
-430 -562
-369 -518
-362 -541
-343 -547
-344 -583
-309 -565
-317 -615
-270 -576
-271 -616
-234 -590
-219 -601
-238 -683
-207 -664
-170 -631
-151 -636
-160 -710
-141 -718
-123 -728
-107 -743
-82 -734
-44 -675
-31 -700
-24 -754
8 -702
24 -723
43 -727
65 -713
84 -719
102 -732
124 -706
143 -703
161 -733
180 -751
200 -794
220 -734
240 -765
260 -753
281 -761
301 -766
316 -718
334 -706
350 -688
380 -742
389 -688
407 -681
442 -742
454 -711
485 -745
492 -699
522 -724
519 -658
547 -677
557 -649
575 -642
614 -680
628 -663
623 -610
634 -590
677 -627
687 -604
699 -587
748 -625
738 -574
745 -550
776 -559
789 -544
782 -503
821 -519
864 -537
823 -463
868 -482
889 -475
906 -463
877 -410
902 -406
910 -387
935 -383
974 -388
970 -360
996 -353
1030 -351
1000 -307
1007 -288
993 -258
1065 -275
1075 -257
1043 -218
1042 -196
1093 -198
1032 -150
1124 -166
1076 -126
1104 -115
1063 -80
1152 -87
1111 -54
1156 -45
1158 -25
1154 -3
1133 22
1111 46
1094 68
1121 84
1120 103
1163 119
1186 138
1184 159
1140 180
