300
1197 200
1183 221
1188 241
1123 258
1118 277
1113 296
1147 320
1109 334
1164 363
1138 379
1151 402
1096 410
1079 426
1075 444
1070 463
1065 481
1089 509
1124 544
1069 544
1051 558
1051 579
1059 604
1012 603
1080 660
1023 652
1034 682
992 680
1033 728
998 730
971 736
963 754
990 800
970 810
964 832
902 806
896 827
888 846
880 866
861 875
851 893
858 931
803 899
782 903
768 917
756 933
767 981
729 961
725 990
703 992
686 1003
684 1038
644 1007
622 1007
624 1055
600 1051
573 1038
559 1055
567 1126
515 1047
515 1106
503 1134
470 1094
468 1158
443 1146
419 1135
392 1104
378 1132
366 1184
335 1111
321 1156
301 1165
281 1164
260 1146
241 1175
219 1120
200 1134
180 1150
162 1100
143 1099
118 1179
106 1096
82 1138
57 1166
41 1141
19 1150
9 1097
-16 1120
-30 1095
-59 1128
-68 1088
-95 1108
-101 1065
-121 1063
-156 1098
-163 1065
-188 1072
-217 1087
-222 1049
-257 1075
-246 1011
-258 994
-275 984
-293 978
-327 994
-365 1013
-351 958
-401 992
-378 929
-406 933
-403 899
-440 910
-470 914
-468 882
-492 877
-506 863
-470 804
-542 840
-554 824
-522 772
-557 775
-543 740
-580 742
-575 715
-601 708
-588 677
-579 650
-661 674
-614 625
-689 642
-681 615
-690 596
-641 553
-710 560
-719 542
-703 514
-701 493
-740 484
-685 447
-754 445
-757 424
-690 389
-687 369
-727 357
-700 333
-727 317
-706 295
-744 279
-719 258
-713 238
-797 221
-739 200
-787 179
-722 161
-742 141
-723 123
-771 98
-752 80
-753 59
-750 39
-745 20
-742 -0
-723 -16
-707 -33
-690 -48
-697 -71
-702 -93
-657 -98
-678 -127
-692 -153
-650 -157
-701 -201
-704 -225
-648 -221
-666 -253
-605 -243
-618 -273
-637 -307
-574 -291
-560 -305
-573 -337
-541 -338
-550 -370
-536 -383
-548 -419
-527 -428
-530 -457
-517 -473
-474 -460
-463 -477
-450 -493
-421 -490
-442 -544
-412 -540
-395 -551
-400 -591
-334 -535
-316 -543
-309 -566
-322 -622
-300 -625
-255 -589
-251 -620
-234 -630
-206 -617
-189 -627
-184 -662
-179 -703
-152 -688
-127 -678
-118 -712
-96 -711
-81 -730
-46 -680
-48 -768
-13 -706
-7 -772
17 -762
46 -709
56 -777
85 -712
103 -726
123 -714
140 -749
159 -779
180 -760
200 -730
220 -764
241 -783
261 -775
276 -711
297 -722
316 -716
344 -775
357 -730
373 -705
404 -759
427 -770
441 -739
450 -695
464 -676
499 -720
522 -725
539 -712
567 -727
557 -649
593 -682
625 -702
600 -606
653 -667
640 -601
687 -644
668 -573
727 -630
746 -621
727 -559
759 -569
775 -557
776 -527
812 -540
823 -521
825 -494
857 -500
836 -449
882 -467
922 -478
875 -408
933 -433
964 -432
915 -366
981 -393
1005 -385
940 -314
976 -316
973 -291
1006 -288
1049 -290
1018 -249
1047 -243
1085 -239
1089 -219
1040 -174
1118 -186
1054 -138
1063 -121
1065 -101
1094 -90
1120 -78
1161 -68
1095 -30
1131 -18
1167 -6
1170 15
1123 44
1094 68
1124 83
1149 100
1185 117
1190 138
1153 160
1156 180
