300
1000 100
1003 119
1085 141
1018 158
1024 178
1062 201
1024 217
1006 234
1024 256
1025 277
988 289
1022 316
979 326
1048 365
966 362
984 387
1036 426
977 426
1008 460
959 461
985 494
990 519
970 532
924 531
903 541
907 566
909 590
880 595
918 643
861 629
867 657
828 653
874 713
815 692
840 738
841 767
792 750
806 791
787 802
717 758
712 779
697 792
706 832
660 807
680 864
629 828
658 902
634 904
624 925
602 930
578 927
543 906
548 958
526 959
524 1000
492 981
487 1021
440 959
437 1006
406 977
381 964
382 1035
355 1014
346 1057
317 1025
299 1036
286 1077
261 1054
236 1023
213 993
201 1065
184 1094
161 1075
141 1073
119 1019
100 1014
79 1091
59 1077
40 1056
17 1083
-1 1063
-16 1021
-33 999
-60 1049
-74 1012
-105 1065
-109 992
-131 998
-157 1019
-188 1053
-183 972
-201 964
-223 968
-238 953
-271 982
-286 967
-295 940
-307 920
-345 951
-369 953
-387 944
-370 877
-386 866
-401 854
-419 847
-475 892
-493 881
-483 835
-513 840
-516 814
-552 824
-550 792
-553 767
-601 786
-615 772
-579 712
-588 694
-598 678
-610 663
-632 656
-682 668
-657 626
-697 630
-681 596
-701 585
-751 591
-716 549
-725 531
-764 529
-777 513
-804 503
-758 461
-780 449
-771 424
-822 421
-826 401
-814 376
-836 361
-811 334
-829 318
-838 299
-870 285
-852 261
-801 233
-840 219
-835 198
-808 176
-803 157
-853 140
-867 120
-808 100
-892 79
-882 59
-866 39
-889 17
-822 3
-862 -22
-863 -42
-836 -58
-849 -81
-795 -90
-799 -111
-863 -147
-802 -152
-773 -164
-849 -208
-778 -206
-748 -215
-746 -235
-809 -282
-772 -288
-777 -313
-715 -305
-756 -348
-690 -334
-705 -365
-747 -413
-705 -411
-676 -416
-675 -439
-701 -482
-644 -465
-633 -481
-630 -504
-587 -493
-632 -559
-611 -568
-556 -542
-594 -609
-550 -592
-510 -578
-546 -649
-499 -624
-471 -621
-493 -681
-463 -675
-419 -647
-432 -701
-432 -738
-394 -716
-366 -707
-355 -727
-327 -717
-308 -722
-313 -777
-306 -813
-273 -787
-257 -801
-233 -794
-199 -758
-201 -826
-164 -775
-148 -789
-146 -857
-122 -845
-96 -822
-87 -880
-53 -802
-32 -793
-15 -811
6 -795
22 -834
41 -837
61 -835
81 -808
100 -845
120 -850
140 -845
161 -865
182 -878
200 -851
216 -818
237 -827
260 -845
285 -870
300 -839
311 -801
341 -839
357 -820
385 -845
389 -790
408 -784
435 -802
460 -809
466 -771
474 -740
513 -777
537 -780
552 -764
577 -768
559 -695
606 -736
596 -682
614 -674
654 -697
655 -665
702 -693
670 -619
674 -594
702 -598
762 -635
738 -579
790 -604
797 -583
826 -582
789 -520
811 -514
857 -527
807 -460
836 -459
832 -432
880 -442
885 -421
860 -382
883 -374
940 -385
916 -349
932 -335
955 -324
938 -294
936 -272
956 -260
943 -234
1009 -238
981 -207
1030 -202
1024 -179
1021 -157
1058 -146
978 -106
1005 -92
1070 -85
1054 -61
993 -32
1008 -15
1010 4
1038 21
1039 41
1013 62
1000 81
