300
1100 200
1103 219
1185 241
1118 258
1124 278
1162 301
1124 317
1106 334
1124 356
1125 377
1088 389
1122 416
1079 426
1148 465
1066 462
1084 487
1136 526
1077 526
1108 560
1059 561
1085 594
1090 619
1070 632
1024 631
1003 641
1007 666
1009 690
980 695
1018 743
961 729
967 757
928 753
974 813
915 792
940 838
941 867
892 850
906 891
887 902
817 858
812 879
797 892
806 932
760 907
780 964
729 928
758 1002
734 1004
724 1025
702 1030
678 1027
643 1006
648 1058
626 1059
624 1100
592 1081
587 1121
540 1059
537 1106
506 1077
481 1064
482 1135
455 1114
446 1157
417 1125
399 1136
386 1177
361 1154
336 1123
313 1093
301 1165
284 1194
261 1175
241 1173
219 1119
200 1114
179 1191
159 1177
140 1156
117 1183
99 1163
84 1121
67 1099
40 1149
26 1112
-5 1165
-9 1092
-31 1098
-57 1119
-88 1153
-83 1072
-101 1064
-123 1068
-138 1053
-171 1082
-186 1067
-195 1040
-207 1020
-245 1051
-269 1053
-287 1044
-270 977
-286 966
-301 954
-319 947
-375 992
-393 981
-383 935
-413 940
-416 914
-452 924
-450 892
-453 867
-501 886
-515 872
-479 812
-488 794
-498 778
-510 763
-532 756
-582 768
-557 726
-597 730
-581 696
-601 685
-651 691
-616 649
-625 631
-664 629
-677 613
-704 603
-658 561
-680 549
-671 524
-722 521
-726 501
-714 476
-736 461
-711 434
-729 418
-738 399
-770 385
-752 361
-701 333
-740 319
-735 298
-708 276
-703 257
-753 240
-767 220
-708 200
-792 179
-782 159
-766 139
-789 117
-722 103
-762 78
-763 58
-736 42
-749 19
-695 10
-699 -11
-763 -47
-702 -52
-673 -64
-749 -108
-678 -106
-648 -115
-646 -135
-709 -182
-672 -188
-677 -213
-615 -205
-656 -248
-590 -234
-605 -265
-647 -313
-605 -311
-576 -316
-575 -339
-601 -382
-544 -365
-533 -381
-530 -404
-487 -393
-532 -459
-511 -468
-456 -442
-494 -509
-450 -492
-410 -478
-446 -549
-399 -524
-371 -521
-393 -581
-363 -575
-319 -547
-332 -601
-332 -638
-294 -616
-266 -607
-255 -627
-227 -617
-208 -622
-213 -677
-206 -713
-173 -687
-157 -701
-133 -694
-99 -658
-101 -726
-64 -675
-48 -689
-46 -757
-22 -745
4 -722
13 -780
47 -702
68 -693
85 -711
106 -695
122 -734
141 -737
161 -735
181 -708
200 -745
220 -750
240 -745
261 -765
282 -778
300 -751
316 -718
337 -727
360 -745
385 -770
400 -739
411 -701
441 -739
457 -720
485 -745
489 -690
508 -684
535 -702
560 -709
566 -671
574 -640
613 -677
637 -680
652 -664
677 -668
659 -595
706 -636
696 -582
714 -574
754 -597
755 -565
802 -593
770 -519
774 -494
802 -498
862 -535
838 -479
890 -504
897 -483
926 -482
889 -420
911 -414
957 -427
907 -360
936 -359
932 -332
980 -342
985 -321
960 -282
983 -274
1040 -285
1016 -249
1032 -235
1055 -224
1038 -194
1036 -172
1056 -160
1043 -134
1109 -138
1081 -107
1130 -102
1124 -79
1121 -57
1158 -46
1078 -6
1105 8
1170 15
1154 39
1093 68
1108 85
1110 104
1138 121
1139 141
1113 162
1100 181
